0 0.999 0.001 0 1
0 0.999 0.00099 1e-05 1
0.1 0.999 0.0009801 1.99e-05 1
0.2 0.999 0.000970299 2.9701e-05 1
0.3 0.999 0.000960596 3.9404e-05 1
0.4 0.999 0.00095099 4.901e-05 1
0.5 0.999 0.00094148 5.85199e-05 1
0.6 0.999 0.000932065 6.79347e-05 1
0.7 0.999 0.000922745 7.72553e-05 1
0.8 0.999 0.000913517 8.64828e-05 1
0.9 0.999 0.000904382 9.56179e-05 1
1 0.999 0.000895338 0.000104662 1
1.1 0.999 0.000886385 0.000113615 1
1.2 0.999 0.000877521 0.000122479 1
1.3 0.999 0.000868746 0.000131254 1
1.4 0.999 0.000860058 0.000139942 1
1.5 0.999 0.000851458 0.000148542 1
1.6 0.999 0.000842943 0.000157057 1
1.7 0.999 0.000834514 0.000165486 1
1.8 0.999 0.000826169 0.000173831 1
1.9 0.999 0.000817907 0.000182093 1
2 0.999 0.000809728 0.000190272 1
2.1 0.999 0.000801631 0.000198369 1
2.2 0.999 0.000793614 0.000206386 1
2.3 0.999 0.000785678 0.000214322 1
2.4 0.999 0.000777822 0.000222179 1
2.5 0.999 0.000770043 0.000229957 1
2.6 0.999 0.000762343 0.000237657 1
2.7 0.999 0.000754719 0.000245281 1
2.8 0.999 0.000747172 0.000252828 1
2.9 0.999 0.000739701 0.0002603 1
3 0.999 0.000732303 0.000267697 1
3.1 0.999 0.00072498 0.00027502 1
3.2 0.999 0.000717731 0.00028227 1
3.3 0.999 0.000710553 0.000289447 1
3.4 0.999 0.000703448 0.000296552 1
3.5 0.999 0.000696413 0.000303587 1
3.6 0.999 0.000689449 0.000310551 1
3.7 0.999 0.000682555 0.000317445 1
3.8 0.999 0.000675729 0.000324271 1
3.9 0.999 0.000668972 0.000331028 1
4 0.999 0.000662282 0.000337718 1
4.1 0.999 0.000655659 0.000344341 1
4.2 0.999 0.000649103 0.000350897 1
4.3 0.999 0.000642612 0.000357388 1
4.4 0.999 0.000636186 0.000363815 1
4.5 0.999 0.000629824 0.000370176 1
4.6 0.999 0.000623526 0.000376475 1
4.7 0.999 0.00061729 0.00038271 1
4.8 0.999 0.000611117 0.000388883 1
4.9 0.999 0.000605006 0.000394994 1
5 0.999 0.000598956 0.000401044 1
5.1 0.999 0.000592967 0.000407034 1
5.2 0.999 0.000587037 0.000412963 1
5.3 0.999 0.000581167 0.000418834 1
5.4 0.999 0.000575355 0.000424645 1
5.5 0.999 0.000569601 0.000430399 1
5.6 0.999 0.000563905 0.000436095 1
5.7 0.999 0.000558266 0.000441734 1
5.8 0.999 0.000552684 0.000447317 1
5.9 0.999 0.000547157 0.000452843 1
6 0.999 0.000541685 0.000458315 1
6.1 0.999 0.000536268 0.000463732 1
6.2 0.999 0.000530906 0.000469095 1
6.3 0.999 0.000525597 0.000474404 1
6.4 0.999 0.000520341 0.00047966 1
6.5 0.999 0.000515137 0.000484863 1
6.6 0.999 0.000509986 0.000490014 1
6.7 0.999 0.000504886 0.000495114 1
6.8 0.999 0.000499837 0.000500163 1
6.9 0.999 0.000494839 0.000505161 1
7 0.999 0.00048989 0.00051011 1
7.1 0.999 0.000484991 0.000515009 1
7.2 0.999 0.000480142 0.000519859 1
7.3 0.999 0.00047534 0.00052466 1
7.4 0.999 0.000470587 0.000529414 1
7.5 0.999 0.000465881 0.000534119 1
7.6 0.999 0.000461222 0.000538778 1
7.7 0.999 0.00045661 0.00054339 1
7.79999 0.999 0.000452044 0.000547957 1
7.89999 0.999 0.000447523 0.000552477 1
7.99999 0.999 0.000443048 0.000556952 1
8.09999 0.999 0.000438618 0.000561383 1
8.2 0.999 0.000434231 0.000565769 1
8.3 0.999 0.000429889 0.000570111 1
8.4 0.999 0.00042559 0.00057441 1
8.5 0.999 0.000421334 0.000578666 1
8.6 0.999 0.000417121 0.000582879 1
8.7 0.999 0.00041295 0.000587051 1
8.8 0.999 0.00040882 0.00059118 1
8.9 0.999 0.000404732 0.000595268 1
9 0.999 0.000400685 0.000599316 1
9.1 0.999 0.000396678 0.000603322 1
9.2 0.999 0.000392711 0.000607289 1
9.3 0.999 0.000388784 0.000611216 1
9.4 0.999 0.000384896 0.000615104 1
9.5 0.999 0.000381047 0.000618953 1
9.6 0.999 0.000377237 0.000622764 1
9.7 0.999 0.000373464 0.000626536 1
9.8 0.999 0.00036973 0.000630271 1
9.9 0.999 0.000366032 0.000633968 1
10 0.999 0.000362372 0.000637628 1
10.1 0.999 0.000358748 0.000641252 1
10.2 0.999 0.000355161 0.000644839 1
10.3 0.999 0.000351609 0.000648391 1
10.4 0.999 0.000348093 0.000651907 1
10.5 0.999 0.000344612 0.000655388 1
10.6 0.999 0.000341166 0.000658834 1
10.7 0.999 0.000337754 0.000662246 1
10.8 0.999 0.000334377 0.000665623 1
10.9 0.999 0.000331033 0.000668967 1
11 0.999 0.000327723 0.000672278 1
11.1 0.999 0.000324446 0.000675555 1
11.2 0.999 0.000321201 0.000678799 1
11.3 0.999 0.000317989 0.000682011 1
11.4 0.999 0.000314809 0.000685191 1
11.5 0.999 0.000311661 0.000688339 1
11.6 0.999 0.000308545 0.000691456 1
11.7 0.999 0.000305459 0.000694541 1
11.8 0.999 0.000302404 0.000697596 1
11.9 0.999 0.00029938 0.00070062 1
12 0.999 0.000296387 0.000703614 1
12.1 0.999 0.000293423 0.000706578 1
12.2 0.999 0.000290489 0.000709512 1
12.3 0.999 0.000287584 0.000712417 1
12.4 0.999 0.000284708 0.000715293 1
12.5 0.999 0.000281861 0.00071814 1
12.6 0.999 0.000279042 0.000720958 1
12.7 0.999 0.000276252 0.000723749 1
12.8 0.999 0.000273489 0.000726511 1
12.9 0.999 0.000270754 0.000729246 1
13 0.999 0.000268047 0.000731954 1
13.1 0.999 0.000265366 0.000734634 1
13.2 0.999 0.000262713 0.000737288 1
13.3 0.999 0.000260086 0.000739915 1
13.4 0.999 0.000257485 0.000742516 1
13.5 0.999 0.00025491 0.000745091 1
13.6 0.999 0.000252361 0.00074764 1
13.7 0.999 0.000249837 0.000750163 1
13.8 0.999 0.000247339 0.000752662 1
13.9 0.999 0.000244865 0.000755135 1
14 0.999 0.000242417 0.000757584 1
14.1 0.999 0.000239993 0.000760008 1
14.2 0.999 0.000237593 0.000762408 1
14.3 0.999 0.000235217 0.000764784 1
14.4 0.999 0.000232865 0.000767136 1
14.5 0.999 0.000230536 0.000769465 1
14.6 0.999 0.000228231 0.00077177 1
14.7 0.999 0.000225948 0.000774052 1
14.8 0.999 0.000223689 0.000776312 1
14.9 0.999 0.000221452 0.000778549 1
15 0.999 0.000219237 0.000780763 1
15.1 0.999 0.000217045 0.000782956 1
15.2 0.999 0.000214875 0.000785126 1
15.3 0.999 0.000212726 0.000787275 1
15.4 0.999 0.000210599 0.000789402 1
15.5 0.999 0.000208493 0.000791508 1
15.6 0.999 0.000206408 0.000793593 1
15.7 0.999 0.000204344 0.000795657 1
15.8 0.999 0.0002023 0.0007977 1
15.9 0.999 0.000200277 0.000799723 1
16 0.999 0.000198274 0.000801726 1
16.1 0.999 0.000196292 0.000803709 1
16.2 0.999 0.000194329 0.000805672 1
16.3 0.999 0.000192385 0.000807615 1
16.4 0.999 0.000190462 0.000809539 1
16.5 0.999 0.000188557 0.000811444 1
16.6 0.999 0.000186671 0.000813329 1
16.7 0.999 0.000184805 0.000815196 1
16.8 0.999 0.000182957 0.000817044 1
16.9 0.999 0.000181127 0.000818874 1
17 0.999 0.000179316 0.000820685 1
17.1 0.999 0.000177523 0.000822478 1
17.2 0.999 0.000175747 0.000824253 1
17.3 0.999 0.00017399 0.000826011 1
17.4 0.999 0.00017225 0.000827751 1
17.5 0.999 0.000170527 0.000829473 1
17.6 0.999 0.000168822 0.000831178 1
17.7 0.999 0.000167134 0.000832866 1
17.8 0.999 0.000165463 0.000834538 1
17.9 0.999 0.000163808 0.000836192 1
18 0.999 0.00016217 0.00083783 1
18.1 0.999 0.000160548 0.000839452 1
18.2 0.999 0.000158943 0.000841058 1
18.3 0.999 0.000157353 0.000842647 1
18.4 0.999 0.00015578 0.000844221 1
18.5 0.999 0.000154222 0.000845778 1
18.6 0.999 0.00015268 0.000847321 1
18.7 0.999 0.000151153 0.000848847 1
18.8 0.999 0.000149641 0.000850359 1
18.9 0.999 0.000148145 0.000851855 1
19 0.999 0.000146664 0.000853337 1
19.1 0.999 0.000145197 0.000854803 1
19.2 0.999 0.000143745 0.000856255 1
19.3 0.999 0.000142308 0.000857693 1
19.4 0.999 0.000140884 0.000859116 1
19.5 0.999 0.000139476 0.000860525 1
19.6 0.999 0.000138081 0.00086192 1
19.7 0.999 0.0001367 0.0008633 1
19.8 0.999 0.000135333 0.000864667 1
19.9 0.999 0.00013398 0.000866021 1
20 0.999 0.00013264 0.000867361 1
20.1 0.999 0.000131314 0.000868687 1
20.2 0.999 0.00013 0.00087 1
20.3 0.999 0.0001287 0.0008713 1
20.4 0.999 0.000127413 0.000872587 1
20.5 0.999 0.000126139 0.000873861 1
20.6 0.999 0.000124878 0.000875123 1
20.7 0.999 0.000123629 0.000876371 1
20.8 0.999 0.000122393 0.000877608 1
20.9 0.999 0.000121169 0.000878832 1
21 0.999 0.000119957 0.000880043 1
21.1 0.999 0.000118758 0.000881243 1
21.2 0.999 0.00011757 0.00088243 1
21.3 0.999 0.000116394 0.000883606 1
21.4 0.999 0.00011523 0.00088477 1
21.5 0.999 0.000114078 0.000885922 1
21.6 0.999 0.000112937 0.000887063 1
21.7 0.999 0.000111808 0.000888192 1
21.8 0.999 0.00011069 0.00088931 1
21.9 0.999 0.000109583 0.000890417 1
22 0.999 0.000108487 0.000891513 1
22.1 0.999 0.000107402 0.000892598 1
22.2 0.999 0.000106328 0.000893672 1
22.3 0.999 0.000105265 0.000894735 1
22.4 0.999 0.000104212 0.000895788 1
22.5 0.999 0.00010317 0.00089683 1
22.6 0.999 0.000102138 0.000897862 1
22.7001 0.999 0.000101117 0.000898883 1
22.8001 0.999 0.000100106 0.000899894 1
22.9001 0.999 9.91048e-05 0.000900895 1
23.0001 0.999 9.81138e-05 0.000901886 1
23.1001 0.999 9.71327e-05 0.000902868 1
23.2001 0.999 9.61613e-05 0.000903839 1
23.3001 0.999 9.51997e-05 0.0009048 1
23.4001 0.999 9.42477e-05 0.000905752 1
23.5001 0.999 9.33052e-05 0.000906695 1
23.6001 0.999 9.23722e-05 0.000907628 1
23.7001 0.999 9.14485e-05 0.000908552 1
23.8001 0.999 9.0534e-05 0.000909466 1
23.9001 0.999 8.96286e-05 0.000910372 1
24.0001 0.999 8.87324e-05 0.000911268 1
24.1001 0.999 8.7845e-05 0.000912155 1
24.2001 0.999 8.69666e-05 0.000913034 1
24.3001 0.999 8.60969e-05 0.000913903 1
24.4001 0.999 8.52359e-05 0.000914764 1
24.5001 0.999 8.43836e-05 0.000915617 1
24.6001 0.999 8.35398e-05 0.00091646 1
24.7001 0.999 8.27044e-05 0.000917296 1
24.8001 0.999 8.18773e-05 0.000918123 1
24.9001 0.999 8.10585e-05 0.000918942 1
25.0001 0.999 8.0248e-05 0.000919752 1
25.1001 0.999 7.94455e-05 0.000920555 1
25.2001 0.999 7.8651e-05 0.000921349 1
25.3001 0.999 7.78645e-05 0.000922136 1
25.4001 0.999 7.70859e-05 0.000922914 1
25.5001 0.999 7.6315e-05 0.000923685 1
25.6001 0.999 7.55519e-05 0.000924448 1
25.7001 0.999 7.47963e-05 0.000925204 1
25.8001 0.999 7.40484e-05 0.000925952 1
25.9001 0.999 7.33079e-05 0.000926692 1
26.0001 0.999 7.25748e-05 0.000927425 1
26.1001 0.999 7.18491e-05 0.000928151 1
26.2001 0.999 7.11306e-05 0.00092887 1
26.3001 0.999 7.04193e-05 0.000929581 1
26.4001 0.999 6.97151e-05 0.000930285 1
26.5001 0.999 6.90179e-05 0.000930982 1
26.6001 0.999 6.83277e-05 0.000931672 1
26.7001 0.999 6.76445e-05 0.000932356 1
26.8001 0.999 6.6968e-05 0.000933032 1
26.9001 0.999 6.62983e-05 0.000933702 1
27.0001 0.999 6.56353e-05 0.000934365 1
27.1001 0.999 6.4979e-05 0.000935021 1
27.2001 0.999 6.43292e-05 0.000935671 1
27.3001 0.999 6.36859e-05 0.000936314 1
27.4001 0.999 6.30491e-05 0.000936951 1
27.5001 0.999 6.24186e-05 0.000937582 1
27.6001 0.999 6.17944e-05 0.000938206 1
27.7001 0.999 6.11764e-05 0.000938824 1
27.8001 0.999 6.05647e-05 0.000939436 1
27.9001 0.999 5.9959e-05 0.000940041 1
28.0001 0.999 5.93594e-05 0.000940641 1
28.1001 0.999 5.87658e-05 0.000941234 1
28.2001 0.999 5.81782e-05 0.000941822 1
28.3001 0.999 5.75964e-05 0.000942404 1
28.4001 0.999 5.70204e-05 0.00094298 1
28.5001 0.999 5.64502e-05 0.00094355 1
28.6001 0.999 5.58857e-05 0.000944114 1
28.7001 0.999 5.53269e-05 0.000944673 1
28.8001 0.999 5.47736e-05 0.000945227 1
28.9001 0.999 5.42259e-05 0.000945774 1
29.0001 0.999 5.36836e-05 0.000946317 1
29.1001 0.999 5.31468e-05 0.000946853 1
29.2001 0.999 5.26153e-05 0.000947385 1
29.3001 0.999 5.20891e-05 0.000947911 1
29.4001 0.999 5.15683e-05 0.000948432 1
29.5001 0.999 5.10526e-05 0.000948948 1
29.6001 0.999 5.0542e-05 0.000949458 1
29.7001 0.999 5.00366e-05 0.000949964 1
29.8001 0.999 4.95363e-05 0.000950464 1
29.9001 0.999 4.90409e-05 0.000950959 1
30.0001 0.999 4.85505e-05 0.00095145 1
30.1001 0.999 4.8065e-05 0.000951935 1
30.2001 0.999 4.75843e-05 0.000952416 1
30.3001 0.999 4.71085e-05 0.000952892 1
30.4001 0.999 4.66374e-05 0.000953363 1
30.5001 0.999 4.6171e-05 0.000953829 1
30.6001 0.999 4.57093e-05 0.000954291 1
30.7001 0.999 4.52522e-05 0.000954748 1
30.8001 0.999 4.47997e-05 0.0009552 1
30.9001 0.999 4.43517e-05 0.000955648 1
31.0001 0.999 4.39082e-05 0.000956092 1
31.1001 0.999 4.34691e-05 0.000956531 1
31.2001 0.999 4.30344e-05 0.000956966 1
31.3001 0.999 4.26041e-05 0.000957396 1
31.4001 0.999 4.2178e-05 0.000957822 1
31.5001 0.999 4.17563e-05 0.000958244 1
31.6001 0.999 4.13387e-05 0.000958661 1
31.7001 0.999 4.09253e-05 0.000959075 1
31.8001 0.999 4.0516e-05 0.000959484 1
31.9001 0.999 4.01109e-05 0.000959889 1
32.0001 0.999 3.97098e-05 0.00096029 1
32.1001 0.999 3.93127e-05 0.000960688 1
32.2001 0.999 3.89196e-05 0.000961081 1
32.3001 0.999 3.85304e-05 0.00096147 1
32.4001 0.999 3.81451e-05 0.000961855 1
32.5001 0.999 3.77636e-05 0.000962237 1
32.6001 0.999 3.7386e-05 0.000962614 1
32.7001 0.999 3.70121e-05 0.000962988 1
32.8001 0.999 3.6642e-05 0.000963358 1
32.9001 0.999 3.62756e-05 0.000963725 1
33.0001 0.999 3.59128e-05 0.000964087 1
33.1001 0.999 3.55537e-05 0.000964447 1
33.2001 0.999 3.51981e-05 0.000964802 1
33.3001 0.999 3.48462e-05 0.000965154 1
33.4001 0.999 3.44977e-05 0.000965503 1
33.5001 0.999 3.41527e-05 0.000965848 1
33.6001 0.999 3.38112e-05 0.000966189 1
33.7001 0.999 3.34731e-05 0.000966527 1
33.8001 0.999 3.31384e-05 0.000966862 1
33.9001 0.999 3.2807e-05 0.000967193 1
34.0001 0.999 3.24789e-05 0.000967521 1
34.1001 0.999 3.21541e-05 0.000967846 1
34.2001 0.999 3.18326e-05 0.000968168 1
34.3 0.999 3.15142e-05 0.000968486 1
34.4 0.999 3.11991e-05 0.000968801 1
34.5 0.999 3.08871e-05 0.000969113 1
34.6 0.999 3.05782e-05 0.000969422 1
34.7 0.999 3.02725e-05 0.000969728 1
34.8 0.999 2.99697e-05 0.00097003 1
34.9 0.999 2.967e-05 0.00097033 1
35 0.999 2.93733e-05 0.000970627 1
35.1 0.999 2.90796e-05 0.000970921 1
35.2 0.999 2.87888e-05 0.000971211 1
35.3 0.999 2.85009e-05 0.000971499 1
35.4 0.999 2.82159e-05 0.000971784 1
35.5 0.999 2.79337e-05 0.000972066 1
35.6 0.999 2.76544e-05 0.000972346 1
35.7 0.999 2.73779e-05 0.000972622 1
35.8 0.999 2.71041e-05 0.000972896 1
35.9 0.999 2.6833e-05 0.000973167 1
36 0.999 2.65647e-05 0.000973435 1
36.1 0.999 2.62991e-05 0.000973701 1
36.2 0.999 2.60361e-05 0.000973964 1
36.3 0.999 2.57757e-05 0.000974224 1
36.4 0.999 2.5518e-05 0.000974482 1
36.5 0.999 2.52628e-05 0.000974737 1
36.6 0.999 2.50102e-05 0.00097499 1
36.7 0.999 2.47601e-05 0.00097524 1
36.8 0.999 2.45125e-05 0.000975488 1
36.9 0.999 2.42673e-05 0.000975733 1
37 0.999 2.40247e-05 0.000975975 1
37.1 0.999 2.37844e-05 0.000976216 1
37.2 0.999 2.35466e-05 0.000976454 1
37.3 0.999 2.33111e-05 0.000976689 1
37.4 0.999 2.3078e-05 0.000976922 1
37.5 0.999 2.28472e-05 0.000977153 1
37.6 0.999 2.26187e-05 0.000977381 1
37.7 0.999 2.23925e-05 0.000977608 1
37.8 0.999 2.21686e-05 0.000977832 1
37.9 0.999 2.19469e-05 0.000978053 1
38 0.999 2.17275e-05 0.000978273 1
38.1 0.999 2.15102e-05 0.00097849 1
38.2 0.999 2.12951e-05 0.000978705 1
38.3 0.999 2.10821e-05 0.000978918 1
38.4 0.999 2.08713e-05 0.000979129 1
38.5 0.999 2.06626e-05 0.000979337 1
38.6 0.999 2.0456e-05 0.000979544 1
38.7 0.999 2.02514e-05 0.000979749 1
38.8 0.999 2.00489e-05 0.000979951 1
38.9 0.999 1.98484e-05 0.000980152 1
39 0.999 1.96499e-05 0.00098035 1
39.1 0.999 1.94534e-05 0.000980547 1
39.2 0.999 1.92589e-05 0.000980741 1
39.3 0.999 1.90663e-05 0.000980934 1
39.4 0.999 1.88756e-05 0.000981124 1
39.5 0.999 1.86869e-05 0.000981313 1
39.6 0.999 1.85e-05 0.0009815 1
39.7 0.999 1.8315e-05 0.000981685 1
39.8 0.999 1.81319e-05 0.000981868 1
39.9 0.999 1.79505e-05 0.00098205 1
40 0.999 1.7771e-05 0.000982229 1
40.1 0.999 1.75933e-05 0.000982407 1
40.2 0.999 1.74174e-05 0.000982583 1
40.3 0.999 1.72432e-05 0.000982757 1
40.4 0.999 1.70708e-05 0.000982929 1
40.5 0.999 1.69001e-05 0.0009831 1
40.6 0.999 1.67311e-05 0.000983269 1
40.7 0.999 1.65638e-05 0.000983436 1
40.7999 0.999 1.63981e-05 0.000983602 1
40.8999 0.999 1.62342e-05 0.000983766 1
40.9999 0.999 1.60718e-05 0.000983928 1
41.0999 0.999 1.59111e-05 0.000984089 1
41.1999 0.999 1.5752e-05 0.000984248 1
41.2999 0.999 1.55945e-05 0.000984406 1
41.3999 0.999 1.54385e-05 0.000984562 1
41.4999 0.999 1.52841e-05 0.000984716 1
41.5999 0.999 1.51313e-05 0.000984869 1
41.6999 0.999 1.498e-05 0.00098502 1
41.7999 0.999 1.48302e-05 0.00098517 1
41.8999 0.999 1.46819e-05 0.000985318 1
41.9999 0.999 1.45351e-05 0.000985465 1
42.0999 0.999 1.43897e-05 0.000985611 1
42.1999 0.999 1.42458e-05 0.000985755 1
42.2999 0.999 1.41034e-05 0.000985897 1
42.3999 0.999 1.39623e-05 0.000986038 1
42.4999 0.999 1.38227e-05 0.000986178 1
42.5999 0.999 1.36845e-05 0.000986316 1
42.6999 0.999 1.35476e-05 0.000986453 1
42.7999 0.999 1.34122e-05 0.000986588 1
42.8999 0.999 1.3278e-05 0.000986722 1
42.9999 0.999 1.31453e-05 0.000986855 1
43.0999 0.999 1.30138e-05 0.000986986 1
43.1999 0.999 1.28837e-05 0.000987117 1
43.2999 0.999 1.27548e-05 0.000987245 1
43.3999 0.999 1.26273e-05 0.000987373 1
43.4999 0.999 1.2501e-05 0.000987499 1
43.5999 0.999 1.2376e-05 0.000987624 1
43.6999 0.999 1.22522e-05 0.000987748 1
43.7999 0.999 1.21297e-05 0.000987871 1
43.8999 0.999 1.20084e-05 0.000987992 1
43.9999 0.999 1.18883e-05 0.000988112 1
44.0999 0.999 1.17694e-05 0.000988231 1
44.1999 0.999 1.16518e-05 0.000988349 1
44.2999 0.999 1.15352e-05 0.000988465 1
44.3999 0.999 1.14199e-05 0.000988581 1
44.4999 0.999 1.13057e-05 0.000988695 1
44.5999 0.999 1.11926e-05 0.000988808 1
44.6999 0.999 1.10807e-05 0.00098892 1
44.7999 0.999 1.09699e-05 0.00098903 1
44.8999 0.999 1.08602e-05 0.00098914 1
44.9999 0.999 1.07516e-05 0.000989249 1
45.0999 0.999 1.06441e-05 0.000989356 1
45.1999 0.999 1.05376e-05 0.000989463 1
45.2999 0.999 1.04323e-05 0.000989568 1
45.3999 0.999 1.03279e-05 0.000989672 1
45.4999 0.999 1.02247e-05 0.000989776 1
45.5999 0.999 1.01224e-05 0.000989878 1
45.6999 0.999 1.00212e-05 0.000989979 1
45.7999 0.999 9.92097e-06 0.000990079 1
45.8999 0.999 9.82177e-06 0.000990179 1
45.9999 0.999 9.72355e-06 0.000990277 1
46.0999 0.999 9.62631e-06 0.000990374 1
46.1999 0.999 9.53005e-06 0.00099047 1
46.2999 0.999 9.43475e-06 0.000990566 1
46.3999 0.999 9.3404e-06 0.00099066 1
46.4999 0.999 9.247e-06 0.000990753 1
46.5999 0.999 9.15453e-06 0.000990846 1
46.6999 0.999 9.06298e-06 0.000990937 1
46.7999 0.999 8.97235e-06 0.000991028 1
46.8999 0.999 8.88263e-06 0.000991118 1
46.9999 0.999 8.7938e-06 0.000991206 1
47.0999 0.999 8.70586e-06 0.000991294 1
47.1999 0.999 8.6188e-06 0.000991381 1
47.2999 0.999 8.53262e-06 0.000991468 1
47.3998 0.999 8.44729e-06 0.000991553 1
47.4998 0.999 8.36282e-06 0.000991637 1
47.5998 0.999 8.27919e-06 0.000991721 1
47.6998 0.999 8.1964e-06 0.000991804 1
47.7998 0.999 8.11443e-06 0.000991886 1
47.8998 0.999 8.03329e-06 0.000991967 1
47.9998 0.999 7.95296e-06 0.000992047 1
48.0998 0.999 7.87343e-06 0.000992127 1
48.1998 0.999 7.79469e-06 0.000992205 1
48.2998 0.999 7.71675e-06 0.000992283 1
48.3998 0.999 7.63958e-06 0.000992361 1
48.4998 0.999 7.56318e-06 0.000992437 1
48.5998 0.999 7.48755e-06 0.000992513 1
48.6998 0.999 7.41267e-06 0.000992588 1
48.7998 0.999 7.33855e-06 0.000992662 1
48.8998 0.999 7.26516e-06 0.000992735 1
48.9998 0.999 7.19251e-06 0.000992808 1
49.0998 0.999 7.12059e-06 0.00099288 1
49.1998 0.999 7.04938e-06 0.000992951 1
49.2998 0.999 6.97889e-06 0.000993021 1
49.3998 0.999 6.9091e-06 0.000993091 1
49.4998 0.999 6.84001e-06 0.00099316 1
49.5998 0.999 6.77161e-06 0.000993229 1
49.6998 0.999 6.70389e-06 0.000993296 1
49.7998 0.999 6.63685e-06 0.000993363 1
49.8998 0.999 6.57048e-06 0.00099343 1
49.9998 0.999 6.50478e-06 0.000993495 1
50.0998 0.999 6.43973e-06 0.000993561 1
50.1998 0.999 6.37533e-06 0.000993625 1
50.2998 0.999 6.31158e-06 0.000993689 1
50.3998 0.999 6.24846e-06 0.000993752 1
50.4998 0.999 6.18598e-06 0.000993814 1
50.5998 0.999 6.12412e-06 0.000993876 1
50.6998 0.999 6.06288e-06 0.000993937 1
50.7998 0.999 6.00225e-06 0.000993998 1
50.8998 0.999 5.94223e-06 0.000994058 1
50.9998 0.999 5.8828e-06 0.000994117 1
51.0998 0.999 5.82398e-06 0.000994176 1
51.1998 0.999 5.76574e-06 0.000994234 1
51.2998 0.999 5.70808e-06 0.000994292 1
51.3998 0.999 5.651e-06 0.000994349 1
51.4998 0.999 5.59449e-06 0.000994406 1
51.5998 0.999 5.53854e-06 0.000994462 1
51.6998 0.999 5.48316e-06 0.000994517 1
51.7998 0.999 5.42833e-06 0.000994572 1
51.8998 0.999 5.37404e-06 0.000994626 1
51.9998 0.999 5.3203e-06 0.00099468 1
52.0998 0.999 5.2671e-06 0.000994733 1
52.1998 0.999 5.21443e-06 0.000994786 1
52.2998 0.999 5.16228e-06 0.000994838 1
52.3998 0.999 5.11066e-06 0.000994889 1
52.4998 0.999 5.05955e-06 0.000994941 1
52.5998 0.999 5.00896e-06 0.000994991 1
52.6998 0.999 4.95887e-06 0.000995041 1
52.7998 0.999 4.90928e-06 0.000995091 1
52.8998 0.999 4.86019e-06 0.00099514 1
52.9998 0.999 4.81159e-06 0.000995188 1
53.0998 0.999 4.76347e-06 0.000995237 1
53.1998 0.999 4.71584e-06 0.000995284 1
53.2998 0.999 4.66868e-06 0.000995331 1
53.3998 0.999 4.62199e-06 0.000995378 1
53.4998 0.999 4.57577e-06 0.000995424 1
53.5998 0.999 4.53001e-06 0.00099547 1
53.6998 0.999 4.48471e-06 0.000995515 1
53.7998 0.999 4.43987e-06 0.00099556 1
53.8997 0.999 4.39547e-06 0.000995604 1
53.9997 0.999 4.35151e-06 0.000995648 1
54.0997 0.999 4.308e-06 0.000995692 1
54.1997 0.999 4.26492e-06 0.000995735 1
54.2997 0.999 4.22227e-06 0.000995778 1
54.3997 0.999 4.18004e-06 0.00099582 1
54.4997 0.999 4.13824e-06 0.000995862 1
54.5997 0.999 4.09686e-06 0.000995903 1
54.6997 0.999 4.05589e-06 0.000995944 1
54.7997 0.999 4.01533e-06 0.000995985 1
54.8997 0.999 3.97518e-06 0.000996025 1
54.9997 0.999 3.93543e-06 0.000996064 1
55.0997 0.999 3.89608e-06 0.000996104 1
55.1997 0.999 3.85711e-06 0.000996143 1
55.2997 0.999 3.81854e-06 0.000996181 1
55.3997 0.999 3.78036e-06 0.000996219 1
55.4997 0.999 3.74255e-06 0.000996257 1
55.5997 0.999 3.70513e-06 0.000996295 1
55.6997 0.999 3.66808e-06 0.000996332 1
55.7997 0.999 3.6314e-06 0.000996368 1
55.8997 0.999 3.59508e-06 0.000996405 1
55.9997 0.999 3.55913e-06 0.000996441 1
56.0997 0.999 3.52354e-06 0.000996476 1
56.1997 0.999 3.48831e-06 0.000996512 1
56.2997 0.999 3.45342e-06 0.000996546 1
56.3997 0.999 3.41889e-06 0.000996581 1
56.4997 0.999 3.3847e-06 0.000996615 1
56.5997 0.999 3.35085e-06 0.000996649 1
56.6997 0.999 3.31734e-06 0.000996683 1
56.7997 0.999 3.28417e-06 0.000996716 1
56.8997 0.999 3.25133e-06 0.000996749 1
56.9997 0.999 3.21882e-06 0.000996781 1
57.0997 0.999 3.18663e-06 0.000996813 1
57.1997 0.999 3.15476e-06 0.000996845 1
57.2997 0.999 3.12321e-06 0.000996877 1
57.3997 0.999 3.09198e-06 0.000996908 1
57.4997 0.999 3.06106e-06 0.000996939 1
57.5997 0.999 3.03045e-06 0.00099697 1
57.6997 0.999 3.00015e-06 0.000997 1
57.7997 0.999 2.97014e-06 0.00099703 1
57.8997 0.999 2.94044e-06 0.00099706 1
57.9997 0.999 2.91104e-06 0.000997089 1
58.0997 0.999 2.88193e-06 0.000997118 1
58.1997 0.999 2.85311e-06 0.000997147 1
58.2997 0.999 2.82458e-06 0.000997175 1
58.3997 0.999 2.79633e-06 0.000997204 1
58.4997 0.999 2.76837e-06 0.000997232 1
58.5997 0.999 2.74069e-06 0.000997259 1
58.6997 0.999 2.71328e-06 0.000997287 1
58.7997 0.999 2.68615e-06 0.000997314 1
58.8997 0.999 2.65928e-06 0.000997341 1
58.9997 0.999 2.63269e-06 0.000997367 1
59.0997 0.999 2.60636e-06 0.000997394 1
59.1997 0.999 2.5803e-06 0.00099742 1
59.2997 0.999 2.5545e-06 0.000997446 1
59.3997 0.999 2.52895e-06 0.000997471 1
59.4997 0.999 2.50366e-06 0.000997496 1
59.5997 0.999 2.47863e-06 0.000997521 1
59.6997 0.999 2.45384e-06 0.000997546 1
59.7997 0.999 2.4293e-06 0.000997571 1
59.8997 0.999 2.40501e-06 0.000997595 1
59.9997 0.999 2.38096e-06 0.000997619 1
60.0997 0.999 2.35715e-06 0.000997643 1
60.1997 0.999 2.33358e-06 0.000997667 1
60.2997 0.999 2.31024e-06 0.00099769 1
60.3997 0.999 2.28714e-06 0.000997713 1
60.4996 0.999 2.26427e-06 0.000997736 1
60.5996 0.999 2.24162e-06 0.000997758 1
60.6996 0.999 2.21921e-06 0.000997781 1
60.7996 0.999 2.19702e-06 0.000997803 1
60.8996 0.999 2.17505e-06 0.000997825 1
60.9996 0.999 2.1533e-06 0.000997847 1
61.0996 0.999 2.13176e-06 0.000997868 1
61.1996 0.999 2.11045e-06 0.00099789 1
61.2996 0.999 2.08934e-06 0.000997911 1
61.3996 0.999 2.06845e-06 0.000997931 1
61.4996 0.999 2.04776e-06 0.000997952 1
61.5996 0.999 2.02729e-06 0.000997973 1
61.6996 0.999 2.00701e-06 0.000997993 1
61.7996 0.999 1.98694e-06 0.000998013 1
61.8996 0.999 1.96707e-06 0.000998033 1
61.9996 0.999 1.9474e-06 0.000998053 1
62.0996 0.999 1.92793e-06 0.000998072 1
62.1996 0.999 1.90865e-06 0.000998091 1
62.2996 0.999 1.88956e-06 0.00099811 1
62.3996 0.999 1.87067e-06 0.000998129 1
62.4996 0.999 1.85196e-06 0.000998148 1
62.5996 0.999 1.83344e-06 0.000998167 1
62.6996 0.999 1.81511e-06 0.000998185 1
62.7996 0.999 1.79695e-06 0.000998203 1
62.8996 0.999 1.77899e-06 0.000998221 1
62.9996 0.999 1.7612e-06 0.000998239 1
63.0996 0.999 1.74358e-06 0.000998256 1
63.1996 0.999 1.72615e-06 0.000998274 1
63.2996 0.999 1.70889e-06 0.000998291 1
63.3996 0.999 1.6918e-06 0.000998308 1
63.4996 0.999 1.67488e-06 0.000998325 1
63.5996 0.999 1.65813e-06 0.000998342 1
63.6996 0.999 1.64155e-06 0.000998358 1
63.7996 0.999 1.62513e-06 0.000998375 1
63.8996 0.999 1.60888e-06 0.000998391 1
63.9996 0.999 1.59279e-06 0.000998407 1
64.0996 0.999 1.57687e-06 0.000998423 1
64.1996 0.999 1.5611e-06 0.000998439 1
64.2996 0.999 1.54549e-06 0.000998454 1
64.3996 0.999 1.53003e-06 0.00099847 1
64.4996 0.999 1.51473e-06 0.000998485 1
64.5996 0.999 1.49958e-06 0.0009985 1
64.6996 0.999 1.48459e-06 0.000998515 1
64.7996 0.999 1.46974e-06 0.00099853 1
64.8996 0.999 1.45504e-06 0.000998545 1
64.9996 0.999 1.44049e-06 0.000998559 1
65.0996 0.999 1.42609e-06 0.000998574 1
65.1996 0.999 1.41183e-06 0.000998588 1
65.2996 0.999 1.39771e-06 0.000998602 1
65.3996 0.999 1.38373e-06 0.000998616 1
65.4996 0.999 1.3699e-06 0.00099863 1
65.5996 0.999 1.3562e-06 0.000998644 1
65.6996 0.999 1.34263e-06 0.000998657 1
65.7996 0.999 1.32921e-06 0.000998671 1
65.8996 0.999 1.31592e-06 0.000998684 1
65.9996 0.999 1.30276e-06 0.000998697 1
66.0996 0.999 1.28973e-06 0.00099871 1
66.1996 0.999 1.27683e-06 0.000998723 1
66.2996 0.999 1.26406e-06 0.000998736 1
66.3996 0.999 1.25142e-06 0.000998748 1
66.4996 0.999 1.23891e-06 0.000998761 1
66.5996 0.999 1.22652e-06 0.000998773 1
66.6996 0.999 1.21425e-06 0.000998785 1
66.7996 0.999 1.20211e-06 0.000998798 1
66.8996 0.999 1.19009e-06 0.00099881 1
66.9995 0.999 1.17819e-06 0.000998821 1
67.0995 0.999 1.16641e-06 0.000998833 1
67.1995 0.999 1.15474e-06 0.000998845 1
67.2995 0.999 1.1432e-06 0.000998856 1
67.3995 0.999 1.13176e-06 0.000998868 1
67.4995 0.999 1.12045e-06 0.000998879 1
67.5995 0.999 1.10924e-06 0.00099889 1
67.6995 0.999 1.09815e-06 0.000998901 1
67.7995 0.999 1.08717e-06 0.000998912 1
67.8995 0.999 1.0763e-06 0.000998923 1
67.9995 0.999 1.06553e-06 0.000998934 1
68.0995 0.999 1.05488e-06 0.000998945 1
68.1995 0.999 1.04433e-06 0.000998955 1
68.2995 0.999 1.03389e-06 0.000998966 1
68.3995 0.999 1.02355e-06 0.000998976 1
68.4995 0.999 1.01331e-06 0.000998986 1
68.5995 0.999 1.00318e-06 0.000998996 1
68.6995 0.999 9.93147e-07 0.000999006 1
68.7995 0.999 9.83216e-07 0.000999016 1
68.8995 0.999 9.73384e-07 0.000999026 1
68.9995 0.999 9.6365e-07 0.000999036 1
69.0995 0.999 9.54013e-07 0.000999045 1
69.1995 0.999 9.44473e-07 0.000999055 1
69.2995 0.999 9.35028e-07 0.000999064 1
69.3995 0.999 9.25678e-07 0.000999074 1
69.4995 0.999 9.16421e-07 0.000999083 1
69.5995 0.999 9.07257e-07 0.000999092 1
69.6995 0.999 8.98185e-07 0.000999101 1
69.7995 0.999 8.89203e-07 0.00099911 1
69.8995 0.999 8.80311e-07 0.000999119 1
69.9995 0.999 8.71508e-07 0.000999128 1
70.0995 0.999 8.62792e-07 0.000999137 1
70.1995 0.999 8.54165e-07 0.000999145 1
70.2995 0.999 8.45623e-07 0.000999154 1
70.3995 0.999 8.37167e-07 0.000999162 1
70.4995 0.999 8.28795e-07 0.000999171 1
70.5995 0.999 8.20507e-07 0.000999179 1
70.6995 0.999 8.12302e-07 0.000999187 1
70.7995 0.999 8.04179e-07 0.000999195 1
70.8995 0.999 7.96137e-07 0.000999203 1
70.9995 0.999 7.88176e-07 0.000999211 1
71.0995 0.999 7.80294e-07 0.000999219 1
71.1995 0.999 7.72491e-07 0.000999227 1
71.2995 0.999 7.64766e-07 0.000999235 1
71.3995 0.999 7.57119e-07 0.000999242 1
71.4995 0.999 7.49547e-07 0.00099925 1
71.5995 0.999 7.42052e-07 0.000999257 1
71.6995 0.999 7.34631e-07 0.000999265 1
71.7995 0.999 7.27285e-07 0.000999272 1
71.8995 0.999 7.20012e-07 0.000999279 1
71.9995 0.999 7.12812e-07 0.000999287 1
72.0995 0.999 7.05684e-07 0.000999294 1
72.1995 0.999 6.98627e-07 0.000999301 1
72.2995 0.999 6.91641e-07 0.000999308 1
72.3995 0.999 6.84724e-07 0.000999315 1
72.4995 0.999 6.77877e-07 0.000999321 1
72.5995 0.999 6.71098e-07 0.000999328 1
72.6995 0.999 6.64387e-07 0.000999335 1
72.7995 0.999 6.57744e-07 0.000999342 1
72.8995 0.999 6.51166e-07 0.000999348 1
72.9995 0.999 6.44655e-07 0.000999355 1
73.0995 0.999 6.38208e-07 0.000999361 1
73.1995 0.999 6.31826e-07 0.000999367 1
73.2995 0.999 6.25508e-07 0.000999374 1
73.3995 0.999 6.19253e-07 0.00099938 1
73.4995 0.999 6.1306e-07 0.000999386 1
73.5994 0.999 6.06929e-07 0.000999392 1
73.6994 0.999 6.0086e-07 0.000999398 1
73.7994 0.999 5.94852e-07 0.000999404 1
73.8994 0.999 5.88903e-07 0.00099941 1
73.9994 0.999 5.83014e-07 0.000999416 1
74.0994 0.999 5.77184e-07 0.000999422 1
74.1994 0.999 5.71412e-07 0.000999428 1
74.2994 0.999 5.65698e-07 0.000999434 1
74.3994 0.999 5.60041e-07 0.000999439 1
74.4994 0.999 5.54441e-07 0.000999445 1
74.5994 0.999 5.48896e-07 0.000999451 1
74.6994 0.999 5.43407e-07 0.000999456 1
74.7994 0.999 5.37973e-07 0.000999462 1
74.8994 0.999 5.32593e-07 0.000999467 1
74.9994 0.999 5.27267e-07 0.000999472 1
75.0994 0.999 5.21995e-07 0.000999477 1
75.1994 0.999 5.16775e-07 0.000999483 1
75.2994 0.999 5.11607e-07 0.000999488 1
75.3994 0.999 5.06491e-07 0.000999493 1
75.4994 0.999 5.01426e-07 0.000999498 1
75.5994 0.999 4.96412e-07 0.000999503 1
75.6994 0.999 4.91448e-07 0.000999508 1
75.7994 0.999 4.86533e-07 0.000999513 1
75.8994 0.999 4.81668e-07 0.000999518 1
75.9994 0.999 4.76851e-07 0.000999523 1
76.0994 0.999 4.72083e-07 0.000999527 1
76.1994 0.999 4.67362e-07 0.000999532 1
76.2994 0.999 4.62688e-07 0.000999537 1
76.3994 0.999 4.58061e-07 0.000999541 1
76.4994 0.999 4.53481e-07 0.000999546 1
76.5994 0.999 4.48946e-07 0.000999551 1
76.6994 0.999 4.44457e-07 0.000999555 1
76.7994 0.999 4.40012e-07 0.00099956 1
76.8994 0.999 4.35612e-07 0.000999564 1
76.9994 0.999 4.31256e-07 0.000999568 1
77.0994 0.999 4.26943e-07 0.000999573 1
77.1994 0.999 4.22674e-07 0.000999577 1
77.2994 0.999 4.18447e-07 0.000999581 1
77.3994 0.999 4.14263e-07 0.000999585 1
77.4994 0.999 4.1012e-07 0.000999589 1
77.5994 0.999 4.06019e-07 0.000999594 1
77.6994 0.999 4.01959e-07 0.000999598 1
77.7994 0.999 3.97939e-07 0.000999602 1
77.8994 0.999 3.9396e-07 0.000999606 1
77.9994 0.999 3.9002e-07 0.00099961 1
78.0994 0.999 3.8612e-07 0.000999614 1
78.1994 0.999 3.82259e-07 0.000999617 1
78.2994 0.999 3.78436e-07 0.000999621 1
78.3994 0.999 3.74652e-07 0.000999625 1
78.4994 0.999 3.70905e-07 0.000999629 1
78.5994 0.999 3.67196e-07 0.000999633 1
78.6994 0.999 3.63524e-07 0.000999636 1
78.7994 0.999 3.59889e-07 0.00099964 1
78.8994 0.999 3.5629e-07 0.000999643 1
78.9994 0.999 3.52727e-07 0.000999647 1
79.0994 0.999 3.492e-07 0.000999651 1
79.1994 0.999 3.45708e-07 0.000999654 1
79.2994 0.999 3.42251e-07 0.000999658 1
79.3994 0.999 3.38828e-07 0.000999661 1
79.4994 0.999 3.3544e-07 0.000999664 1
79.5994 0.999 3.32085e-07 0.000999668 1
79.6994 0.999 3.28765e-07 0.000999671 1
79.7994 0.999 3.25477e-07 0.000999674 1
79.8994 0.999 3.22222e-07 0.000999678 1
79.9994 0.999 3.19e-07 0.000999681 1
80.0993 0.999 3.1581e-07 0.000999684 1
80.1993 0.999 3.12652e-07 0.000999687 1
80.2993 0.999 3.09525e-07 0.00099969 1
80.3993 0.999 3.0643e-07 0.000999693 1
80.4993 0.999 3.03366e-07 0.000999696 1
80.5993 0.999 3.00332e-07 0.000999699 1
80.6993 0.999 2.97329e-07 0.000999702 1
80.7993 0.999 2.94356e-07 0.000999706 1
80.8993 0.999 2.91412e-07 0.000999708 1
80.9993 0.999 2.88498e-07 0.000999711 1
81.0993 0.999 2.85613e-07 0.000999714 1
81.1993 0.999 2.82757e-07 0.000999717 1
81.2993 0.999 2.79929e-07 0.00099972 1
81.3993 0.999 2.7713e-07 0.000999723 1
81.4993 0.999 2.74359e-07 0.000999726 1
81.5993 0.999 2.71615e-07 0.000999728 1
81.6993 0.999 2.68899e-07 0.000999731 1
81.7993 0.999 2.6621e-07 0.000999734 1
81.8993 0.999 2.63548e-07 0.000999736 1
81.9993 0.999 2.60912e-07 0.000999739 1
82.0993 0.999 2.58303e-07 0.000999742 1
82.1993 0.999 2.5572e-07 0.000999744 1
82.2993 0.999 2.53163e-07 0.000999747 1
82.3993 0.999 2.50631e-07 0.000999749 1
82.4993 0.999 2.48125e-07 0.000999752 1
82.5993 0.999 2.45644e-07 0.000999754 1
82.6993 0.999 2.43187e-07 0.000999757 1
82.7993 0.999 2.40755e-07 0.000999759 1
82.8993 0.999 2.38348e-07 0.000999762 1
82.9993 0.999 2.35964e-07 0.000999764 1
83.0993 0.999 2.33605e-07 0.000999766 1
83.1993 0.999 2.31269e-07 0.000999769 1
83.2993 0.999 2.28956e-07 0.000999771 1
83.3993 0.999 2.26667e-07 0.000999773 1
83.4993 0.999 2.244e-07 0.000999775 1
83.5993 0.999 2.22156e-07 0.000999778 1
83.6993 0.999 2.19934e-07 0.00099978 1
83.7993 0.999 2.17735e-07 0.000999782 1
83.8993 0.999 2.15558e-07 0.000999784 1
83.9993 0.999 2.13402e-07 0.000999787 1
84.0993 0.999 2.11268e-07 0.000999789 1
84.1993 0.999 2.09155e-07 0.000999791 1
84.2993 0.999 2.07064e-07 0.000999793 1
84.3993 0.999 2.04993e-07 0.000999795 1
84.4993 0.999 2.02943e-07 0.000999797 1
84.5993 0.999 2.00914e-07 0.000999799 1
84.6993 0.999 1.98905e-07 0.000999801 1
84.7993 0.999 1.96916e-07 0.000999803 1
84.8993 0.999 1.94946e-07 0.000999805 1
84.9993 0.999 1.92997e-07 0.000999807 1
85.0993 0.999 1.91067e-07 0.000999809 1
85.1993 0.999 1.89156e-07 0.000999811 1
85.2993 0.999 1.87265e-07 0.000999813 1
85.3993 0.999 1.85392e-07 0.000999814 1
85.4993 0.999 1.83538e-07 0.000999816 1
85.5993 0.999 1.81703e-07 0.000999818 1
85.6993 0.999 1.79886e-07 0.00099982 1
85.7993 0.999 1.78087e-07 0.000999822 1
85.8993 0.999 1.76306e-07 0.000999824 1
85.9993 0.999 1.74543e-07 0.000999825 1
86.0993 0.999 1.72798e-07 0.000999827 1
86.1993 0.999 1.7107e-07 0.000999829 1
86.2993 0.999 1.69359e-07 0.000999831 1
86.3993 0.999 1.67665e-07 0.000999832 1
86.4993 0.999 1.65989e-07 0.000999834 1
86.5993 0.999 1.64329e-07 0.000999836 1
86.6992 0.999 1.62685e-07 0.000999837 1
86.7992 0.999 1.61059e-07 0.000999839 1
86.8992 0.999 1.59448e-07 0.00099984 1
86.9992 0.999 1.57854e-07 0.000999842 1
87.0992 0.999 1.56275e-07 0.000999844 1
87.1992 0.999 1.54712e-07 0.000999845 1
87.2992 0.999 1.53165e-07 0.000999847 1
87.3992 0.999 1.51633e-07 0.000999848 1
87.4992 0.999 1.50117e-07 0.00099985 1
87.5992 0.999 1.48616e-07 0.000999851 1
87.6992 0.999 1.4713e-07 0.000999853 1
87.7992 0.999 1.45659e-07 0.000999854 1
87.8992 0.999 1.44202e-07 0.000999856 1
87.9992 0.999 1.4276e-07 0.000999857 1
88.0992 0.999 1.41332e-07 0.000999859 1
88.1992 0.999 1.39919e-07 0.00099986 1
88.2992 0.999 1.3852e-07 0.000999861 1
88.3992 0.999 1.37135e-07 0.000999863 1
88.4992 0.999 1.35763e-07 0.000999864 1
88.5992 0.999 1.34406e-07 0.000999866 1
88.6992 0.999 1.33062e-07 0.000999867 1
88.7992 0.999 1.31731e-07 0.000999868 1
88.8992 0.999 1.30414e-07 0.00099987 1
88.9992 0.999 1.2911e-07 0.000999871 1
89.0992 0.999 1.27818e-07 0.000999872 1
89.1992 0.999 1.2654e-07 0.000999873 1
89.2992 0.999 1.25275e-07 0.000999875 1
89.3992 0.999 1.24022e-07 0.000999876 1
89.4992 0.999 1.22782e-07 0.000999877 1
89.5992 0.999 1.21554e-07 0.000999879 1
89.6992 0.999 1.20338e-07 0.00099988 1
89.7992 0.999 1.19135e-07 0.000999881 1
89.8992 0.999 1.17944e-07 0.000999882 1
89.9992 0.999 1.16764e-07 0.000999883 1
90.0992 0.999 1.15597e-07 0.000999884 1
90.1992 0.999 1.14441e-07 0.000999885 1
90.2992 0.999 1.13296e-07 0.000999887 1
90.3992 0.999 1.12163e-07 0.000999888 1
90.4992 0.999 1.11042e-07 0.000999889 1
90.5992 0.999 1.09931e-07 0.00099989 1
90.6992 0.999 1.08832e-07 0.000999891 1
90.7992 0.999 1.07744e-07 0.000999892 1
90.8992 0.999 1.06666e-07 0.000999893 1
90.9992 0.999 1.056e-07 0.000999894 1
91.0992 0.999 1.04544e-07 0.000999895 1
91.1992 0.999 1.03498e-07 0.000999896 1
91.2992 0.999 1.02463e-07 0.000999897 1
91.3992 0.999 1.01439e-07 0.000999899 1
91.4992 0.999 1.00424e-07 0.0009999 1
91.5992 0.999 9.94199e-08 0.000999901 1
91.6992 0.999 9.84257e-08 0.000999902 1
91.7992 0.999 9.74414e-08 0.000999903 1
91.8992 0.999 9.6467e-08 0.000999904 1
91.9992 0.999 9.55024e-08 0.000999904 1
92.0992 0.999 9.45473e-08 0.000999905 1
92.1992 0.999 9.36019e-08 0.000999906 1
92.2992 0.999 9.26658e-08 0.000999907 1
92.3992 0.999 9.17392e-08 0.000999908 1
92.4992 0.999 9.08218e-08 0.000999909 1
92.5992 0.999 8.99136e-08 0.00099991 1
92.6992 0.999 8.90144e-08 0.000999911 1
92.7992 0.999 8.81243e-08 0.000999912 1
92.8992 0.999 8.7243e-08 0.000999913 1
92.9992 0.999 8.63706e-08 0.000999914 1
93.0992 0.999 8.55069e-08 0.000999914 1
93.1992 0.999 8.46518e-08 0.000999915 1
93.2991 0.999 8.38053e-08 0.000999916 1
93.3991 0.999 8.29673e-08 0.000999917 1
93.4991 0.999 8.21376e-08 0.000999918 1
93.5991 0.999 8.13162e-08 0.000999919 1
93.6991 0.999 8.05031e-08 0.000999919 1
93.7991 0.999 7.9698e-08 0.00099992 1
93.8991 0.999 7.8901e-08 0.000999921 1
93.9991 0.999 7.8112e-08 0.000999922 1
94.0991 0.999 7.73309e-08 0.000999923 1
94.1991 0.999 7.65576e-08 0.000999923 1
94.2991 0.999 7.5792e-08 0.000999924 1
94.3991 0.999 7.50341e-08 0.000999925 1
94.4991 0.999 7.42838e-08 0.000999926 1
94.5991 0.999 7.35409e-08 0.000999926 1
94.6991 0.999 7.28055e-08 0.000999927 1
94.7991 0.999 7.20775e-08 0.000999928 1
94.8991 0.999 7.13567e-08 0.000999929 1
94.9991 0.999 7.06431e-08 0.000999929 1
95.0991 0.999 6.99367e-08 0.00099993 1
95.1991 0.999 6.92373e-08 0.000999931 1
95.2991 0.999 6.85449e-08 0.000999931 1
95.3991 0.999 6.78595e-08 0.000999932 1
95.4991 0.999 6.71809e-08 0.000999933 1
95.5991 0.999 6.65091e-08 0.000999933 1
95.6991 0.999 6.5844e-08 0.000999934 1
95.7991 0.999 6.51856e-08 0.000999935 1
95.8991 0.999 6.45337e-08 0.000999936 1
95.9991 0.999 6.38884e-08 0.000999936 1
96.0991 0.999 6.32495e-08 0.000999937 1
96.1991 0.999 6.2617e-08 0.000999937 1
96.2991 0.999 6.19908e-08 0.000999938 1
96.3991 0.999 6.13709e-08 0.000999939 1
96.4991 0.999 6.07572e-08 0.000999939 1
96.5991 0.999 6.01496e-08 0.00099994 1
96.6991 0.999 5.95481e-08 0.00099994 1
96.7991 0.999 5.89527e-08 0.000999941 1
96.8991 0.999 5.83631e-08 0.000999941 1
96.9991 0.999 5.77795e-08 0.000999942 1
97.0991 0.999 5.72017e-08 0.000999943 1
97.1991 0.999 5.66297e-08 0.000999943 1
97.2991 0.999 5.60634e-08 0.000999944 1
97.3991 0.999 5.55028e-08 0.000999944 1
97.4991 0.999 5.49477e-08 0.000999945 1
97.5991 0.999 5.43983e-08 0.000999946 1
97.6991 0.999 5.38543e-08 0.000999946 1
97.7991 0.999 5.33157e-08 0.000999947 1
97.8991 0.999 5.27826e-08 0.000999947 1
97.9991 0.999 5.22547e-08 0.000999948 1
98.0991 0.999 5.17322e-08 0.000999948 1
98.1991 0.999 5.12149e-08 0.000999949 1
98.2991 0.999 5.07027e-08 0.000999949 1
98.3991 0.999 5.01957e-08 0.00099995 1
98.4991 0.999 4.96937e-08 0.00099995 1
98.5991 0.999 4.91968e-08 0.000999951 1
98.6991 0.999 4.87048e-08 0.000999951 1
98.7991 0.999 4.82178e-08 0.000999952 1
98.8991 0.999 4.77356e-08 0.000999952 1
98.9991 0.999 4.72583e-08 0.000999953 1
99.0991 0.999 4.67857e-08 0.000999953 1
99.1991 0.999 4.63178e-08 0.000999953 1
99.2991 0.999 4.58546e-08 0.000999954 1
99.3991 0.999 4.53961e-08 0.000999954 1
99.4991 0.999 4.49421e-08 0.000999955 1
99.5991 0.999 4.44927e-08 0.000999955 1
99.6991 0.999 4.40478e-08 0.000999956 1
99.799 0.999 4.36073e-08 0.000999956 1
99.899 0.999 4.31712e-08 0.000999957 1
99.999 0.999 4.27395e-08 0.000999957 1
100.099 0.999 4.23121e-08 0.000999958 1
100.199 0.999 4.1889e-08 0.000999958 1
100.299 0.999 4.14701e-08 0.000999959 1
100.399 0.999 4.10554e-08 0.000999959 1
100.499 0.999 4.06449e-08 0.00099996 1
100.599 0.999 4.02384e-08 0.00099996 1
100.699 0.999 3.9836e-08 0.00099996 1
100.799 0.999 3.94377e-08 0.000999961 1
100.899 0.999 3.90433e-08 0.000999961 1
100.999 0.999 3.86529e-08 0.000999961 1
101.099 0.999 3.82663e-08 0.000999962 1
101.199 0.999 3.78837e-08 0.000999962 1
101.299 0.999 3.75048e-08 0.000999962 1
101.399 0.999 3.71298e-08 0.000999963 1
101.499 0.999 3.67585e-08 0.000999963 1
101.599 0.999 3.63909e-08 0.000999963 1
101.699 0.999 3.6027e-08 0.000999964 1
101.799 0.999 3.56667e-08 0.000999964 1
101.899 0.999 3.53101e-08 0.000999964 1
101.999 0.999 3.4957e-08 0.000999965 1
102.099 0.999 3.46074e-08 0.000999965 1
102.199 0.999 3.42613e-08 0.000999965 1
102.299 0.999 3.39187e-08 0.000999966 1
102.399 0.999 3.35795e-08 0.000999966 1
102.499 0.999 3.32437e-08 0.000999967 1
102.599 0.999 3.29113e-08 0.000999967 1
102.699 0.999 3.25822e-08 0.000999967 1
102.799 0.999 3.22563e-08 0.000999968 1
102.899 0.999 3.19338e-08 0.000999968 1
102.999 0.999 3.16144e-08 0.000999968 1
103.099 0.999 3.12983e-08 0.000999969 1
103.199 0.999 3.09853e-08 0.000999969 1
103.299 0.999 3.06755e-08 0.000999969 1
103.399 0.999 3.03687e-08 0.00099997 1
103.499 0.999 3.0065e-08 0.00099997 1
103.599 0.999 2.97644e-08 0.00099997 1
103.699 0.999 2.94667e-08 0.000999971 1
103.799 0.999 2.91721e-08 0.000999971 1
103.899 0.999 2.88803e-08 0.000999971 1
103.999 0.999 2.85915e-08 0.000999972 1
104.099 0.999 2.83056e-08 0.000999972 1
104.199 0.999 2.80226e-08 0.000999972 1
104.299 0.999 2.77423e-08 0.000999972 1
104.399 0.999 2.74649e-08 0.000999973 1
104.499 0.999 2.71903e-08 0.000999973 1
104.599 0.999 2.69184e-08 0.000999973 1
104.699 0.999 2.66492e-08 0.000999973 1
104.799 0.999 2.63827e-08 0.000999974 1
104.899 0.999 2.61189e-08 0.000999974 1
104.999 0.999 2.58577e-08 0.000999974 1
105.099 0.999 2.55991e-08 0.000999974 1
105.199 0.999 2.53431e-08 0.000999974 1
105.299 0.999 2.50897e-08 0.000999975 1
105.399 0.999 2.48388e-08 0.000999975 1
105.499 0.999 2.45904e-08 0.000999975 1
105.599 0.999 2.43445e-08 0.000999975 1
105.699 0.999 2.4101e-08 0.000999976 1
105.799 0.999 2.386e-08 0.000999976 1
105.899 0.999 2.36214e-08 0.000999976 1
105.999 0.999 2.33852e-08 0.000999976 1
106.099 0.999 2.31514e-08 0.000999977 1
106.199 0.999 2.29198e-08 0.000999977 1
106.299 0.999 2.26906e-08 0.000999977 1
106.399 0.999 2.24637e-08 0.000999977 1
106.499 0.999 2.22391e-08 0.000999977 1
106.599 0.999 2.20167e-08 0.000999978 1
106.699 0.999 2.17965e-08 0.000999978 1
106.799 0.999 2.15786e-08 0.000999978 1
106.899 0.999 2.13628e-08 0.000999978 1
106.999 0.999 2.11492e-08 0.000999979 1
107.099 0.999 2.09377e-08 0.000999979 1
107.199 0.999 2.07283e-08 0.000999979 1
107.299 0.999 2.0521e-08 0.000999979 1
107.399 0.999 2.03158e-08 0.00099998 1
107.499 0.999 2.01126e-08 0.00099998 1
107.599 0.999 1.99115e-08 0.00099998 1
107.699 0.999 1.97124e-08 0.00099998 1
107.799 0.999 1.95153e-08 0.00099998 1
107.899 0.999 1.93201e-08 0.000999981 1
107.999 0.999 1.91269e-08 0.000999981 1
108.099 0.999 1.89357e-08 0.000999981 1
108.199 0.999 1.87463e-08 0.000999981 1
108.299 0.999 1.85588e-08 0.000999982 1
108.399 0.999 1.83732e-08 0.000999982 1
108.499 0.999 1.81895e-08 0.000999982 1
108.599 0.999 1.80076e-08 0.000999982 1
108.699 0.999 1.78275e-08 0.000999983 1
108.799 0.999 1.76493e-08 0.000999983 1
108.899 0.999 1.74728e-08 0.000999983 1
108.999 0.999 1.7298e-08 0.000999983 1
109.099 0.999 1.71251e-08 0.000999983 1
109.199 0.999 1.69538e-08 0.000999984 1
109.299 0.999 1.67843e-08 0.000999984 1
109.399 0.999 1.66164e-08 0.000999984 1
109.499 0.999 1.64503e-08 0.000999984 1
109.599 0.999 1.62858e-08 0.000999984 1
109.699 0.999 1.61229e-08 0.000999984 1
109.799 0.999 1.59617e-08 0.000999984 1
109.899 0.999 1.58021e-08 0.000999984 1
109.999 0.999 1.5644e-08 0.000999984 1
110.099 0.999 1.54876e-08 0.000999985 1
110.199 0.999 1.53327e-08 0.000999985 1
110.299 0.999 1.51794e-08 0.000999985 1
110.399 0.999 1.50276e-08 0.000999985 1
110.499 0.999 1.48773e-08 0.000999985 1
110.599 0.999 1.47286e-08 0.000999985 1
110.699 0.999 1.45813e-08 0.000999985 1
110.799 0.999 1.44355e-08 0.000999985 1
110.899 0.999 1.42911e-08 0.000999985 1
110.999 0.999 1.41482e-08 0.000999986 1
111.099 0.999 1.40067e-08 0.000999986 1
111.199 0.999 1.38666e-08 0.000999986 1
111.299 0.999 1.3728e-08 0.000999986 1
111.399 0.999 1.35907e-08 0.000999986 1
111.499 0.999 1.34548e-08 0.000999986 1
111.599 0.999 1.33202e-08 0.000999986 1
111.699 0.999 1.3187e-08 0.000999986 1
111.799 0.999 1.30552e-08 0.000999987 1
111.899 0.999 1.29246e-08 0.000999987 1
111.999 0.999 1.27954e-08 0.000999987 1
112.099 0.999 1.26674e-08 0.000999987 1
112.199 0.999 1.25407e-08 0.000999987 1
112.299 0.999 1.24153e-08 0.000999987 1
112.399 0.999 1.22912e-08 0.000999987 1
112.499 0.999 1.21683e-08 0.000999987 1
112.599 0.999 1.20466e-08 0.000999987 1
112.699 0.999 1.19261e-08 0.000999988 1
112.799 0.999 1.18069e-08 0.000999988 1
112.899 0.999 1.16888e-08 0.000999988 1
112.999 0.999 1.15719e-08 0.000999988 1
113.099 0.999 1.14562e-08 0.000999988 1
113.199 0.999 1.13416e-08 0.000999988 1
113.299 0.999 1.12282e-08 0.000999988 1
113.399 0.999 1.11159e-08 0.000999988 1
113.499 0.999 1.10048e-08 0.000999989 1
113.599 0.999 1.08947e-08 0.000999989 1
113.699 0.999 1.07858e-08 0.000999989 1
113.799 0.999 1.06779e-08 0.000999989 1
113.899 0.999 1.05711e-08 0.000999989 1
113.999 0.999 1.04654e-08 0.000999989 1
114.099 0.999 1.03608e-08 0.000999989 1
114.199 0.999 1.02572e-08 0.000999989 1
114.299 0.999 1.01546e-08 0.000999989 1
114.399 0.999 1.0053e-08 0.00099999 1
114.499 0.999 9.95251e-09 0.00099999 1
114.599 0.999 9.85299e-09 0.00099999 1
114.699 0.999 9.75446e-09 0.00099999 1
114.799 0.999 9.65691e-09 0.00099999 1
114.899 0.999 9.56035e-09 0.00099999 1
114.999 0.999 9.46474e-09 0.00099999 1
115.099 0.999 9.37009e-09 0.00099999 1
115.199 0.999 9.27639e-09 0.000999991 1
115.299 0.999 9.18363e-09 0.000999991 1
115.399 0.999 9.09179e-09 0.000999991 1
115.499 0.999 9.00088e-09 0.000999991 1
115.599 0.999 8.91087e-09 0.000999991 1
115.699 0.999 8.82176e-09 0.000999991 1
115.799 0.999 8.73354e-09 0.000999991 1
115.899 0.999 8.64621e-09 0.000999991 1
115.999 0.999 8.55974e-09 0.000999991 1
116.099 0.999 8.47415e-09 0.000999992 1
116.199 0.999 8.3894e-09 0.000999992 1
116.299 0.999 8.30551e-09 0.000999992 1
116.399 0.999 8.22246e-09 0.000999992 1
116.499 0.999 8.14023e-09 0.000999992 1
116.599 0.999 8.05883e-09 0.000999992 1
116.699 0.999 7.97824e-09 0.000999992 1
116.799 0.999 7.89846e-09 0.000999992 1
116.899 0.999 7.81947e-09 0.000999992 1
116.999 0.999 7.74128e-09 0.000999993 1
117.099 0.999 7.66387e-09 0.000999993 1
117.199 0.999 7.58723e-09 0.000999993 1
117.299 0.999 7.51136e-09 0.000999993 1
117.399 0.999 7.43624e-09 0.000999993 1
117.499 0.999 7.36188e-09 0.000999993 1
117.599 0.999 7.28826e-09 0.000999993 1
117.699 0.999 7.21538e-09 0.000999993 1
117.799 0.999 7.14322e-09 0.000999994 1
117.899 0.999 7.07179e-09 0.000999994 1
117.999 0.999 7.00107e-09 0.000999994 1
118.099 0.999 6.93106e-09 0.000999994 1
118.199 0.999 6.86175e-09 0.000999994 1
118.299 0.999 6.79313e-09 0.000999994 1
118.399 0.999 6.7252e-09 0.000999994 1
118.499 0.999 6.65795e-09 0.000999994 1
118.599 0.999 6.59137e-09 0.000999994 1
118.699 0.999 6.52546e-09 0.000999995 1
118.799 0.999 6.4602e-09 0.000999995 1
118.899 0.999 6.3956e-09 0.000999995 1
118.999 0.999 6.33165e-09 0.000999995 1
119.099 0.999 6.26833e-09 0.000999995 1
119.199 0.999 6.20565e-09 0.000999995 1
119.299 0.999 6.14359e-09 0.000999995 1
119.399 0.999 6.08215e-09 0.000999995 1
119.499 0.999 6.02133e-09 0.000999996 1
119.599 0.999 5.96112e-09 0.000999996 1
119.699 0.999 5.90151e-09 0.000999996 1
119.799 0.999 5.84249e-09 0.000999996 1
119.899 0.999 5.78407e-09 0.000999996 1
119.999 0.999 5.72623e-09 0.000999996 1
120.099 0.999 5.66896e-09 0.000999996 1
120.199 0.999 5.61228e-09 0.000999996 1
120.299 0.999 5.55615e-09 0.000999996 1
120.399 0.999 5.50059e-09 0.000999996 1
120.499 0.999 5.44559e-09 0.000999996 1
120.599 0.999 5.39113e-09 0.000999996 1
120.699 0.999 5.33722e-09 0.000999996 1
120.799 0.999 5.28385e-09 0.000999996 1
120.899 0.999 5.23101e-09 0.000999996 1
120.999 0.999 5.1787e-09 0.000999996 1
121.099 0.999 5.12691e-09 0.000999996 1
121.199 0.999 5.07564e-09 0.000999996 1
121.299 0.999 5.02488e-09 0.000999996 1
121.399 0.999 4.97464e-09 0.000999996 1
121.499 0.999 4.92489e-09 0.000999996 1
121.599 0.999 4.87564e-09 0.000999996 1
121.699 0.999 4.82688e-09 0.000999996 1
121.799 0.999 4.77862e-09 0.000999996 1
121.899 0.999 4.73083e-09 0.000999996 1
121.999 0.999 4.68352e-09 0.000999996 1
122.099 0.999 4.63669e-09 0.000999996 1
122.199 0.999 4.59032e-09 0.000999996 1
122.299 0.999 4.54442e-09 0.000999996 1
122.399 0.999 4.49897e-09 0.000999996 1
122.499 0.999 4.45398e-09 0.000999996 1
122.599 0.999 4.40944e-09 0.000999996 1
122.699 0.999 4.36535e-09 0.000999996 1
122.799 0.999 4.32169e-09 0.000999996 1
122.899 0.999 4.27848e-09 0.000999996 1
122.999 0.999 4.23569e-09 0.000999996 1
123.099 0.999 4.19333e-09 0.000999996 1
123.199 0.999 4.1514e-09 0.000999996 1
123.299 0.999 4.10989e-09 0.000999996 1
123.399 0.999 4.06879e-09 0.000999996 1
123.499 0.999 4.0281e-09 0.000999996 1
123.599 0.999 3.98782e-09 0.000999996 1
123.699 0.999 3.94794e-09 0.000999996 1
123.799 0.999 3.90846e-09 0.000999996 1
123.899 0.999 3.86938e-09 0.000999996 1
123.999 0.999 3.83068e-09 0.000999996 1
124.099 0.999 3.79238e-09 0.000999996 1
124.199 0.999 3.75445e-09 0.000999996 1
124.299 0.999 3.71691e-09 0.000999996 1
124.399 0.999 3.67974e-09 0.000999996 1
124.499 0.999 3.64294e-09 0.000999996 1
124.599 0.999 3.60651e-09 0.000999996 1
124.699 0.999 3.57045e-09 0.000999996 1
124.799 0.999 3.53474e-09 0.000999996 1
124.899 0.999 3.49939e-09 0.000999996 1
124.999 0.999 3.4644e-09 0.000999996 1
125.099 0.999 3.42976e-09 0.000999996 1
125.199 0.999 3.39546e-09 0.000999996 1
125.299 0.999 3.3615e-09 0.000999996 1
125.399 0.999 3.32789e-09 0.000999996 1
125.499 0.999 3.29461e-09 0.000999996 1
125.599 0.999 3.26166e-09 0.000999996 1
125.699 0.999 3.22905e-09 0.000999996 1
125.799 0.999 3.19676e-09 0.000999996 1
125.899 0.999 3.16479e-09 0.000999996 1
125.999 0.999 3.13314e-09 0.000999996 1
126.099 0.999 3.10181e-09 0.000999996 1
126.199 0.999 3.07079e-09 0.000999996 1
126.299 0.999 3.04008e-09 0.000999996 1
126.399 0.999 3.00968e-09 0.000999996 1
126.499 0.999 2.97959e-09 0.000999996 1
126.599 0.999 2.94979e-09 0.000999996 1
126.699 0.999 2.92029e-09 0.000999996 1
126.799 0.999 2.89109e-09 0.000999996 1
126.899 0.999 2.86218e-09 0.000999996 1
126.999 0.999 2.83356e-09 0.000999996 1
127.099 0.999 2.80522e-09 0.000999996 1
127.199 0.999 2.77717e-09 0.000999996 1
127.299 0.999 2.7494e-09 0.000999996 1
127.399 0.999 2.7219e-09 0.000999996 1
127.499 0.999 2.69468e-09 0.000999996 1
127.599 0.999 2.66774e-09 0.000999996 1
127.699 0.999 2.64106e-09 0.000999996 1
127.799 0.999 2.61465e-09 0.000999996 1
127.899 0.999 2.5885e-09 0.000999996 1
127.999 0.999 2.56262e-09 0.000999996 1
128.099 0.999 2.53699e-09 0.000999996 1
128.199 0.999 2.51162e-09 0.000999996 1
128.299 0.999 2.48651e-09 0.000999996 1
128.399 0.999 2.46164e-09 0.000999996 1
128.499 0.999 2.43703e-09 0.000999996 1
128.599 0.999 2.41265e-09 0.000999996 1
128.699 0.999 2.38853e-09 0.000999996 1
128.799 0.999 2.36464e-09 0.000999996 1
128.899 0.999 2.341e-09 0.000999996 1
128.999 0.999 2.31759e-09 0.000999996 1
129.099 0.999 2.29441e-09 0.000999996 1
129.199 0.999 2.27147e-09 0.000999996 1
129.299 0.999 2.24875e-09 0.000999996 1
129.399 0.999 2.22626e-09 0.000999996 1
129.499 0.999 2.204e-09 0.000999996 1
129.599 0.999 2.18196e-09 0.000999996 1
129.699 0.999 2.16014e-09 0.000999996 1
129.799 0.999 2.13854e-09 0.000999996 1
129.899 0.999 2.11716e-09 0.000999996 1
129.999 0.999 2.09598e-09 0.000999996 1
130.099 0.999 2.07502e-09 0.000999996 1
130.199 0.999 2.05427e-09 0.000999996 1
130.299 0.999 2.03373e-09 0.000999996 1
130.399 0.999 2.01339e-09 0.000999996 1
130.499 0.999 1.99326e-09 0.000999996 1
130.599 0.999 1.97333e-09 0.000999996 1
130.699 0.999 1.95359e-09 0.000999996 1
130.799 0.999 1.93406e-09 0.000999996 1
130.899 0.999 1.91472e-09 0.000999996 1
130.999 0.999 1.89557e-09 0.000999996 1
131.099 0.999 1.87661e-09 0.000999996 1
131.199 0.999 1.85785e-09 0.000999996 1
131.299 0.999 1.83927e-09 0.000999996 1
131.399 0.999 1.82088e-09 0.000999996 1
131.499 0.999 1.80267e-09 0.000999996 1
131.599 0.999 1.78464e-09 0.000999996 1
131.699 0.999 1.7668e-09 0.000999996 1
131.799 0.999 1.74913e-09 0.000999996 1
131.899 0.999 1.73164e-09 0.000999996 1
131.999 0.999 1.71432e-09 0.000999996 1
132.099 0.999 1.69718e-09 0.000999996 1
132.199 0.999 1.6802e-09 0.000999996 1
132.299 0.999 1.6634e-09 0.000999996 1
132.399 0.999 1.64677e-09 0.000999996 1
132.499 0.999 1.6303e-09 0.000999996 1
132.599 0.999 1.614e-09 0.000999996 1
132.699 0.999 1.59786e-09 0.000999996 1
132.799 0.999 1.58188e-09 0.000999996 1
132.899 0.999 1.56606e-09 0.000999996 1
132.999 0.999 1.5504e-09 0.000999996 1
133.099 0.999 1.5349e-09 0.000999996 1
133.199 0.999 1.51955e-09 0.000999996 1
133.299 0.999 1.50435e-09 0.000999996 1
133.399 0.999 1.48931e-09 0.000999996 1
133.499 0.999 1.47442e-09 0.000999996 1
133.599 0.999 1.45967e-09 0.000999996 1
133.699 0.999 1.44507e-09 0.000999996 1
133.799 0.999 1.43062e-09 0.000999996 1
133.899 0.999 1.41632e-09 0.000999996 1
133.999 0.999 1.40215e-09 0.000999996 1
134.099 0.999 1.38813e-09 0.000999996 1
134.199 0.999 1.37425e-09 0.000999996 1
134.299 0.999 1.36051e-09 0.000999996 1
134.399 0.999 1.3469e-09 0.000999996 1
134.499 0.999 1.33343e-09 0.000999996 1
134.599 0.999 1.3201e-09 0.000999996 1
134.699 0.999 1.3069e-09 0.000999996 1
134.799 0.999 1.29383e-09 0.000999996 1
134.899 0.999 1.28089e-09 0.000999996 1
134.999 0.999 1.26808e-09 0.000999996 1
135.099 0.999 1.2554e-09 0.000999996 1
135.199 0.999 1.24285e-09 0.000999996 1
135.299 0.999 1.23042e-09 0.000999996 1
135.399 0.999 1.21812e-09 0.000999996 1
135.499 0.999 1.20593e-09 0.000999996 1
135.599 0.999 1.19387e-09 0.000999996 1
135.699 0.999 1.18194e-09 0.000999996 1
135.799 0.999 1.17012e-09 0.000999996 1
135.899 0.999 1.15842e-09 0.000999996 1
135.999 0.999 1.14683e-09 0.000999996 1
136.099 0.999 1.13536e-09 0.000999996 1
136.199 0.999 1.12401e-09 0.000999996 1
136.299 0.999 1.11277e-09 0.000999996 1
136.399 0.999 1.10164e-09 0.000999996 1
136.499 0.999 1.09063e-09 0.000999996 1
136.599 0.999 1.07972e-09 0.000999996 1
136.699 0.999 1.06892e-09 0.000999996 1
136.799 0.999 1.05823e-09 0.000999996 1
136.899 0.999 1.04765e-09 0.000999996 1
136.999 0.999 1.03717e-09 0.000999996 1
137.099 0.999 1.0268e-09 0.000999996 1
137.199 0.999 1.01653e-09 0.000999996 1
137.299 0.999 1.00637e-09 0.000999996 1
137.399 0.999 9.96305e-10 0.000999996 1
137.499 0.999 9.86342e-10 0.000999996 1
137.599 0.999 9.76479e-10 0.000999996 1
137.699 0.999 9.66714e-10 0.000999996 1
137.799 0.999 9.57047e-10 0.000999996 1
137.899 0.999 9.47476e-10 0.000999996 1
137.999 0.999 9.38002e-10 0.000999996 1
138.099 0.999 9.28622e-10 0.000999996 1
138.199 0.999 9.19335e-10 0.000999996 1
138.299 0.999 9.10142e-10 0.000999996 1
138.399 0.999 9.01041e-10 0.000999996 1
138.499 0.999 8.9203e-10 0.000999996 1
138.599 0.999 8.8311e-10 0.000999996 1
138.699 0.999 8.74279e-10 0.000999996 1
138.799 0.999 8.65536e-10 0.000999996 1
138.899 0.999 8.56881e-10 0.000999996 1
138.999 0.999 8.48312e-10 0.000999996 1
139.099 0.999 8.39829e-10 0.000999996 1
139.199 0.999 8.3143e-10 0.000999996 1
139.299 0.999 8.23116e-10 0.000999996 1
139.399 0.999 8.14885e-10 0.000999996 1
139.499 0.999 8.06736e-10 0.000999996 1
139.599 0.999 7.98669e-10 0.000999996 1
139.699 0.999 7.90682e-10 0.000999996 1
139.799 0.999 7.82775e-10 0.000999996 1
139.899 0.999 7.74948e-10 0.000999996 1
139.999 0.999 7.67198e-10 0.000999996 1
140.099 0.999 7.59526e-10 0.000999996 1
140.199 0.999 7.51931e-10 0.000999996 1
140.299 0.999 7.44412e-10 0.000999996 1
140.399 0.999 7.36967e-10 0.000999996 1
140.499 0.999 7.29598e-10 0.000999996 1
140.599 0.999 7.22302e-10 0.000999996 1
140.699 0.999 7.15079e-10 0.000999996 1
140.799 0.999 7.07928e-10 0.000999996 1
140.899 0.999 7.00849e-10 0.000999996 1
140.999 0.999 6.9384e-10 0.000999996 1
141.099 0.999 6.86902e-10 0.000999996 1
141.199 0.999 6.80033e-10 0.000999996 1
141.299 0.999 6.73232e-10 0.000999996 1
141.399 0.999 6.665e-10 0.000999996 1
141.499 0.999 6.59835e-10 0.000999996 1
141.599 0.999 6.53237e-10 0.000999996 1
141.699 0.999 6.46704e-10 0.000999996 1
141.799 0.999 6.40237e-10 0.000999996 1
141.899 0.999 6.33835e-10 0.000999996 1
141.999 0.999 6.27497e-10 0.000999996 1
142.099 0.999 6.21222e-10 0.000999996 1
142.199 0.999 6.15009e-10 0.000999996 1
142.299 0.999 6.08859e-10 0.000999996 1
142.399 0.999 6.02771e-10 0.000999996 1
142.499 0.999 5.96743e-10 0.000999996 1
142.6 0.999 5.90776e-10 0.000999996 1
142.7 0.999 5.84868e-10 0.000999996 1
142.8 0.999 5.79019e-10 0.000999996 1
142.9 0.999 5.73229e-10 0.000999996 1
143 0.999 5.67497e-10 0.000999996 1
143.1 0.999 5.61822e-10 0.000999996 1
143.2 0.999 5.56203e-10 0.000999996 1
143.3 0.999 5.50641e-10 0.000999996 1
143.4 0.999 5.45135e-10 0.000999996 1
143.5 0.999 5.39684e-10 0.000999996 1
143.6 0.999 5.34287e-10 0.000999996 1
143.7 0.999 5.28944e-10 0.000999996 1
143.8 0.999 5.23654e-10 0.000999996 1
143.9 0.999 5.18418e-10 0.000999996 1
144 0.999 5.13234e-10 0.000999996 1
144.1 0.999 5.08101e-10 0.000999996 1
144.2 0.999 5.0302e-10 0.000999996 1
144.3 0.999 4.9799e-10 0.000999996 1
144.4 0.999 4.9301e-10 0.000999996 1
144.5 0.999 4.8808e-10 0.000999996 1
144.6 0.999 4.83199e-10 0.000999996 1
144.7 0.999 4.78367e-10 0.000999996 1
144.8 0.999 4.73584e-10 0.000999996 1
144.9 0.999 4.68848e-10 0.000999996 1
145 0.999 4.64159e-10 0.000999996 1
145.1 0.999 4.59518e-10 0.000999996 1
145.2 0.999 4.54923e-10 0.000999996 1
145.3 0.999 4.50373e-10 0.000999996 1
145.4 0.999 4.4587e-10 0.000999996 1
145.5 0.999 4.41411e-10 0.000999996 1
145.6 0.999 4.36997e-10 0.000999996 1
145.7 0.999 4.32627e-10 0.000999996 1
145.8 0.999 4.28301e-10 0.000999996 1
145.9 0.999 4.24018e-10 0.000999996 1
146 0.999 4.19777e-10 0.000999996 1
146.1 0.999 4.1558e-10 0.000999996 1
146.2 0.999 4.11424e-10 0.000999996 1
146.3 0.999 4.0731e-10 0.000999996 1
146.4 0.999 4.03237e-10 0.000999996 1
146.5 0.999 3.99204e-10 0.000999996 1
146.6 0.999 3.95212e-10 0.000999996 1
146.7 0.999 3.9126e-10 0.000999996 1
146.8 0.999 3.87347e-10 0.000999996 1
146.9 0.999 3.83474e-10 0.000999996 1
147 0.999 3.79639e-10 0.000999996 1
147.1 0.999 3.75843e-10 0.000999996 1
147.2 0.999 3.72084e-10 0.000999996 1
147.3 0.999 3.68364e-10 0.000999996 1
147.4 0.999 3.6468e-10 0.000999996 1
147.5 0.999 3.61033e-10 0.000999996 1
147.6 0.999 3.57423e-10 0.000999996 1
147.7 0.999 3.53849e-10 0.000999996 1
147.8 0.999 3.5031e-10 0.000999996 1
147.9 0.999 3.46807e-10 0.000999996 1
148 0.999 3.43339e-10 0.000999996 1
148.1 0.999 3.39906e-10 0.000999996 1
148.2 0.999 3.36506e-10 0.000999996 1
148.3 0.999 3.33141e-10 0.000999996 1
148.4 0.999 3.2981e-10 0.000999996 1
148.5 0.999 3.26512e-10 0.000999996 1
148.6 0.999 3.23247e-10 0.000999996 1
148.7 0.999 3.20014e-10 0.000999996 1
148.8 0.999 3.16814e-10 0.000999996 1
148.9 0.999 3.13646e-10 0.000999996 1
149 0.999 3.1051e-10 0.000999996 1
149.1 0.999 3.07404e-10 0.000999996 1
149.2 0.999 3.0433e-10 0.000999996 1
149.3 0.999 3.01287e-10 0.000999996 1
149.4 0.999 2.98274e-10 0.000999996 1
149.5 0.999 2.95292e-10 0.000999996 1
149.6 0.999 2.92339e-10 0.000999996 1
149.7 0.999 2.89415e-10 0.000999996 1
149.8 0.999 2.86521e-10 0.000999996 1
149.9 0.999 2.83656e-10 0.000999996 1
150 0.999 2.80819e-10 0.000999996 1
