0 0 1 0 1
0 0 0 1 1
0.1 0 0 1 1
0.2 0 0 1 1
0.3 0 0 1 1
0.4 0 0 1 1
0.5 0 0 1 1
0.6 0 0 1 1
0.7 0 0 1 1
0.8 0 0 1 1
0.9 0 0 1 1
1 0 0 1 1
1.1 0 0 1 1
1.2 0 0 1 1
1.3 0 0 1 1
1.4 0 0 1 1
1.5 0 0 1 1
1.6 0 0 1 1
1.7 0 0 1 1
1.8 0 0 1 1
1.9 0 0 1 1
2 0 0 1 1
2.1 0 0 1 1
2.2 0 0 1 1
2.3 0 0 1 1
2.4 0 0 1 1
2.5 0 0 1 1
2.6 0 0 1 1
2.7 0 0 1 1
2.8 0 0 1 1
2.9 0 0 1 1
3 0 0 1 1
3.1 0 0 1 1
3.2 0 0 1 1
3.3 0 0 1 1
3.4 0 0 1 1
3.5 0 0 1 1
3.6 0 0 1 1
3.7 0 0 1 1
3.8 0 0 1 1
3.9 0 0 1 1
4 0 0 1 1
4.1 0 0 1 1
4.2 0 0 1 1
4.3 0 0 1 1
4.4 0 0 1 1
4.5 0 0 1 1
4.6 0 0 1 1
4.7 0 0 1 1
4.8 0 0 1 1
4.9 0 0 1 1
5 0 0 1 1
5.1 0 0 1 1
5.2 0 0 1 1
5.3 0 0 1 1
5.4 0 0 1 1
5.5 0 0 1 1
5.6 0 0 1 1
5.7 0 0 1 1
5.8 0 0 1 1
5.9 0 0 1 1
6 0 0 1 1
6.1 0 0 1 1
6.2 0 0 1 1
6.3 0 0 1 1
6.4 0 0 1 1
6.5 0 0 1 1
6.6 0 0 1 1
6.7 0 0 1 1
6.8 0 0 1 1
6.9 0 0 1 1
7 0 0 1 1
7.1 0 0 1 1
7.2 0 0 1 1
7.3 0 0 1 1
7.4 0 0 1 1
7.5 0 0 1 1
7.6 0 0 1 1
7.7 0 0 1 1
7.79999 0 0 1 1
7.89999 0 0 1 1
7.99999 0 0 1 1
8.09999 0 0 1 1
8.2 0 0 1 1
8.3 0 0 1 1
8.4 0 0 1 1
8.5 0 0 1 1
8.6 0 0 1 1
8.7 0 0 1 1
8.8 0 0 1 1
8.9 0 0 1 1
9 0 0 1 1
9.1 0 0 1 1
9.2 0 0 1 1
9.3 0 0 1 1
9.4 0 0 1 1
9.5 0 0 1 1
9.6 0 0 1 1
9.7 0 0 1 1
9.8 0 0 1 1
9.9 0 0 1 1
10 0 0 1 1
10.1 0 0 1 1
10.2 0 0 1 1
10.3 0 0 1 1
10.4 0 0 1 1
10.5 0 0 1 1
10.6 0 0 1 1
10.7 0 0 1 1
10.8 0 0 1 1
10.9 0 0 1 1
11 0 0 1 1
11.1 0 0 1 1
11.2 0 0 1 1
11.3 0 0 1 1
11.4 0 0 1 1
11.5 0 0 1 1
11.6 0 0 1 1
11.7 0 0 1 1
11.8 0 0 1 1
11.9 0 0 1 1
12 0 0 1 1
12.1 0 0 1 1
12.2 0 0 1 1
12.3 0 0 1 1
12.4 0 0 1 1
12.5 0 0 1 1
12.6 0 0 1 1
12.7 0 0 1 1
12.8 0 0 1 1
12.9 0 0 1 1
13 0 0 1 1
13.1 0 0 1 1
13.2 0 0 1 1
13.3 0 0 1 1
13.4 0 0 1 1
13.5 0 0 1 1
13.6 0 0 1 1
13.7 0 0 1 1
13.8 0 0 1 1
13.9 0 0 1 1
14 0 0 1 1
14.1 0 0 1 1
14.2 0 0 1 1
14.3 0 0 1 1
14.4 0 0 1 1
14.5 0 0 1 1
14.6 0 0 1 1
14.7 0 0 1 1
14.8 0 0 1 1
14.9 0 0 1 1
15 0 0 1 1
15.1 0 0 1 1
15.2 0 0 1 1
15.3 0 0 1 1
15.4 0 0 1 1
15.5 0 0 1 1
15.6 0 0 1 1
15.7 0 0 1 1
15.8 0 0 1 1
15.9 0 0 1 1
16 0 0 1 1
16.1 0 0 1 1
16.2 0 0 1 1
16.3 0 0 1 1
16.4 0 0 1 1
16.5 0 0 1 1
16.6 0 0 1 1
16.7 0 0 1 1
16.8 0 0 1 1
16.9 0 0 1 1
17 0 0 1 1
17.1 0 0 1 1
17.2 0 0 1 1
17.3 0 0 1 1
17.4 0 0 1 1
17.5 0 0 1 1
17.6 0 0 1 1
17.7 0 0 1 1
17.8 0 0 1 1
17.9 0 0 1 1
18 0 0 1 1
18.1 0 0 1 1
18.2 0 0 1 1
18.3 0 0 1 1
18.4 0 0 1 1
18.5 0 0 1 1
18.6 0 0 1 1
18.7 0 0 1 1
18.8 0 0 1 1
18.9 0 0 1 1
19 0 0 1 1
19.1 0 0 1 1
19.2 0 0 1 1
19.3 0 0 1 1
19.4 0 0 1 1
19.5 0 0 1 1
19.6 0 0 1 1
19.7 0 0 1 1
19.8 0 0 1 1
19.9 0 0 1 1
20 0 0 1 1
20.1 0 0 1 1
20.2 0 0 1 1
20.3 0 0 1 1
20.4 0 0 1 1
20.5 0 0 1 1
20.6 0 0 1 1
20.7 0 0 1 1
20.8 0 0 1 1
20.9 0 0 1 1
21 0 0 1 1
21.1 0 0 1 1
21.2 0 0 1 1
21.3 0 0 1 1
21.4 0 0 1 1
21.5 0 0 1 1
21.6 0 0 1 1
21.7 0 0 1 1
21.8 0 0 1 1
21.9 0 0 1 1
22 0 0 1 1
22.1 0 0 1 1
22.2 0 0 1 1
22.3 0 0 1 1
22.4 0 0 1 1
22.5 0 0 1 1
22.6 0 0 1 1
22.7001 0 0 1 1
22.8001 0 0 1 1
22.9001 0 0 1 1
23.0001 0 0 1 1
23.1001 0 0 1 1
23.2001 0 0 1 1
23.3001 0 0 1 1
23.4001 0 0 1 1
23.5001 0 0 1 1
23.6001 0 0 1 1
23.7001 0 0 1 1
23.8001 0 0 1 1
23.9001 0 0 1 1
24.0001 0 0 1 1
24.1001 0 0 1 1
24.2001 0 0 1 1
24.3001 0 0 1 1
24.4001 0 0 1 1
24.5001 0 0 1 1
24.6001 0 0 1 1
24.7001 0 0 1 1
24.8001 0 0 1 1
24.9001 0 0 1 1
25.0001 0 0 1 1
25.1001 0 0 1 1
25.2001 0 0 1 1
25.3001 0 0 1 1
25.4001 0 0 1 1
25.5001 0 0 1 1
25.6001 0 0 1 1
25.7001 0 0 1 1
25.8001 0 0 1 1
25.9001 0 0 1 1
26.0001 0 0 1 1
26.1001 0 0 1 1
26.2001 0 0 1 1
26.3001 0 0 1 1
26.4001 0 0 1 1
26.5001 0 0 1 1
26.6001 0 0 1 1
26.7001 0 0 1 1
26.8001 0 0 1 1
26.9001 0 0 1 1
27.0001 0 0 1 1
27.1001 0 0 1 1
27.2001 0 0 1 1
27.3001 0 0 1 1
27.4001 0 0 1 1
27.5001 0 0 1 1
27.6001 0 0 1 1
27.7001 0 0 1 1
27.8001 0 0 1 1
27.9001 0 0 1 1
28.0001 0 0 1 1
28.1001 0 0 1 1
28.2001 0 0 1 1
28.3001 0 0 1 1
28.4001 0 0 1 1
28.5001 0 0 1 1
28.6001 0 0 1 1
28.7001 0 0 1 1
28.8001 0 0 1 1
28.9001 0 0 1 1
29.0001 0 0 1 1
29.1001 0 0 1 1
29.2001 0 0 1 1
29.3001 0 0 1 1
29.4001 0 0 1 1
29.5001 0 0 1 1
29.6001 0 0 1 1
29.7001 0 0 1 1
29.8001 0 0 1 1
29.9001 0 0 1 1
30.0001 0 0 1 1
30.1001 0 0 1 1
30.2001 0 0 1 1
30.3001 0 0 1 1
30.4001 0 0 1 1
30.5001 0 0 1 1
30.6001 0 0 1 1
30.7001 0 0 1 1
30.8001 0 0 1 1
30.9001 0 0 1 1
31.0001 0 0 1 1
31.1001 0 0 1 1
31.2001 0 0 1 1
31.3001 0 0 1 1
31.4001 0 0 1 1
31.5001 0 0 1 1
31.6001 0 0 1 1
31.7001 0 0 1 1
31.8001 0 0 1 1
31.9001 0 0 1 1
32.0001 0 0 1 1
32.1001 0 0 1 1
32.2001 0 0 1 1
32.3001 0 0 1 1
32.4001 0 0 1 1
32.5001 0 0 1 1
32.6001 0 0 1 1
32.7001 0 0 1 1
32.8001 0 0 1 1
32.9001 0 0 1 1
33.0001 0 0 1 1
33.1001 0 0 1 1
33.2001 0 0 1 1
33.3001 0 0 1 1
33.4001 0 0 1 1
33.5001 0 0 1 1
33.6001 0 0 1 1
33.7001 0 0 1 1
33.8001 0 0 1 1
33.9001 0 0 1 1
34.0001 0 0 1 1
34.1001 0 0 1 1
34.2001 0 0 1 1
34.3 0 0 1 1
34.4 0 0 1 1
34.5 0 0 1 1
34.6 0 0 1 1
34.7 0 0 1 1
34.8 0 0 1 1
34.9 0 0 1 1
35 0 0 1 1
35.1 0 0 1 1
35.2 0 0 1 1
35.3 0 0 1 1
35.4 0 0 1 1
35.5 0 0 1 1
35.6 0 0 1 1
35.7 0 0 1 1
35.8 0 0 1 1
35.9 0 0 1 1
36 0 0 1 1
36.1 0 0 1 1
36.2 0 0 1 1
36.3 0 0 1 1
36.4 0 0 1 1
36.5 0 0 1 1
36.6 0 0 1 1
36.7 0 0 1 1
36.8 0 0 1 1
36.9 0 0 1 1
37 0 0 1 1
37.1 0 0 1 1
37.2 0 0 1 1
37.3 0 0 1 1
37.4 0 0 1 1
37.5 0 0 1 1
37.6 0 0 1 1
37.7 0 0 1 1
37.8 0 0 1 1
37.9 0 0 1 1
38 0 0 1 1
38.1 0 0 1 1
38.2 0 0 1 1
38.3 0 0 1 1
38.4 0 0 1 1
38.5 0 0 1 1
38.6 0 0 1 1
38.7 0 0 1 1
38.8 0 0 1 1
38.9 0 0 1 1
39 0 0 1 1
39.1 0 0 1 1
39.2 0 0 1 1
39.3 0 0 1 1
39.4 0 0 1 1
39.5 0 0 1 1
39.6 0 0 1 1
39.7 0 0 1 1
39.8 0 0 1 1
39.9 0 0 1 1
40 0 0 1 1
40.1 0 0 1 1
40.2 0 0 1 1
40.3 0 0 1 1
40.4 0 0 1 1
40.5 0 0 1 1
40.6 0 0 1 1
40.7 0 0 1 1
40.7999 0 0 1 1
40.8999 0 0 1 1
40.9999 0 0 1 1
41.0999 0 0 1 1
41.1999 0 0 1 1
41.2999 0 0 1 1
41.3999 0 0 1 1
41.4999 0 0 1 1
41.5999 0 0 1 1
41.6999 0 0 1 1
41.7999 0 0 1 1
41.8999 0 0 1 1
41.9999 0 0 1 1
42.0999 0 0 1 1
42.1999 0 0 1 1
42.2999 0 0 1 1
42.3999 0 0 1 1
42.4999 0 0 1 1
42.5999 0 0 1 1
42.6999 0 0 1 1
42.7999 0 0 1 1
42.8999 0 0 1 1
42.9999 0 0 1 1
43.0999 0 0 1 1
43.1999 0 0 1 1
43.2999 0 0 1 1
43.3999 0 0 1 1
43.4999 0 0 1 1
43.5999 0 0 1 1
43.6999 0 0 1 1
43.7999 0 0 1 1
43.8999 0 0 1 1
43.9999 0 0 1 1
44.0999 0 0 1 1
44.1999 0 0 1 1
44.2999 0 0 1 1
44.3999 0 0 1 1
44.4999 0 0 1 1
44.5999 0 0 1 1
44.6999 0 0 1 1
44.7999 0 0 1 1
44.8999 0 0 1 1
44.9999 0 0 1 1
45.0999 0 0 1 1
45.1999 0 0 1 1
45.2999 0 0 1 1
45.3999 0 0 1 1
45.4999 0 0 1 1
45.5999 0 0 1 1
45.6999 0 0 1 1
45.7999 0 0 1 1
45.8999 0 0 1 1
45.9999 0 0 1 1
46.0999 0 0 1 1
46.1999 0 0 1 1
46.2999 0 0 1 1
46.3999 0 0 1 1
46.4999 0 0 1 1
46.5999 0 0 1 1
46.6999 0 0 1 1
46.7999 0 0 1 1
46.8999 0 0 1 1
46.9999 0 0 1 1
47.0999 0 0 1 1
47.1999 0 0 1 1
47.2999 0 0 1 1
47.3998 0 0 1 1
47.4998 0 0 1 1
47.5998 0 0 1 1
47.6998 0 0 1 1
47.7998 0 0 1 1
47.8998 0 0 1 1
47.9998 0 0 1 1
48.0998 0 0 1 1
48.1998 0 0 1 1
48.2998 0 0 1 1
48.3998 0 0 1 1
48.4998 0 0 1 1
48.5998 0 0 1 1
48.6998 0 0 1 1
48.7998 0 0 1 1
48.8998 0 0 1 1
48.9998 0 0 1 1
49.0998 0 0 1 1
49.1998 0 0 1 1
49.2998 0 0 1 1
49.3998 0 0 1 1
49.4998 0 0 1 1
49.5998 0 0 1 1
49.6998 0 0 1 1
49.7998 0 0 1 1
49.8998 0 0 1 1
49.9998 0 0 1 1
50.0998 0 0 1 1
50.1998 0 0 1 1
50.2998 0 0 1 1
50.3998 0 0 1 1
50.4998 0 0 1 1
50.5998 0 0 1 1
50.6998 0 0 1 1
50.7998 0 0 1 1
50.8998 0 0 1 1
50.9998 0 0 1 1
51.0998 0 0 1 1
51.1998 0 0 1 1
51.2998 0 0 1 1
51.3998 0 0 1 1
51.4998 0 0 1 1
51.5998 0 0 1 1
51.6998 0 0 1 1
51.7998 0 0 1 1
51.8998 0 0 1 1
51.9998 0 0 1 1
52.0998 0 0 1 1
52.1998 0 0 1 1
52.2998 0 0 1 1
52.3998 0 0 1 1
52.4998 0 0 1 1
52.5998 0 0 1 1
52.6998 0 0 1 1
52.7998 0 0 1 1
52.8998 0 0 1 1
52.9998 0 0 1 1
53.0998 0 0 1 1
53.1998 0 0 1 1
53.2998 0 0 1 1
53.3998 0 0 1 1
53.4998 0 0 1 1
53.5998 0 0 1 1
53.6998 0 0 1 1
53.7998 0 0 1 1
53.8997 0 0 1 1
53.9997 0 0 1 1
54.0997 0 0 1 1
54.1997 0 0 1 1
54.2997 0 0 1 1
54.3997 0 0 1 1
54.4997 0 0 1 1
54.5997 0 0 1 1
54.6997 0 0 1 1
54.7997 0 0 1 1
54.8997 0 0 1 1
54.9997 0 0 1 1
55.0997 0 0 1 1
55.1997 0 0 1 1
55.2997 0 0 1 1
55.3997 0 0 1 1
55.4997 0 0 1 1
55.5997 0 0 1 1
55.6997 0 0 1 1
55.7997 0 0 1 1
55.8997 0 0 1 1
55.9997 0 0 1 1
56.0997 0 0 1 1
56.1997 0 0 1 1
56.2997 0 0 1 1
56.3997 0 0 1 1
56.4997 0 0 1 1
56.5997 0 0 1 1
56.6997 0 0 1 1
56.7997 0 0 1 1
56.8997 0 0 1 1
56.9997 0 0 1 1
57.0997 0 0 1 1
57.1997 0 0 1 1
57.2997 0 0 1 1
57.3997 0 0 1 1
57.4997 0 0 1 1
57.5997 0 0 1 1
57.6997 0 0 1 1
57.7997 0 0 1 1
57.8997 0 0 1 1
57.9997 0 0 1 1
58.0997 0 0 1 1
58.1997 0 0 1 1
58.2997 0 0 1 1
58.3997 0 0 1 1
58.4997 0 0 1 1
58.5997 0 0 1 1
58.6997 0 0 1 1
58.7997 0 0 1 1
58.8997 0 0 1 1
58.9997 0 0 1 1
59.0997 0 0 1 1
59.1997 0 0 1 1
59.2997 0 0 1 1
59.3997 0 0 1 1
59.4997 0 0 1 1
59.5997 0 0 1 1
59.6997 0 0 1 1
59.7997 0 0 1 1
59.8997 0 0 1 1
59.9997 0 0 1 1
60.0997 0 0 1 1
60.1997 0 0 1 1
60.2997 0 0 1 1
60.3997 0 0 1 1
60.4996 0 0 1 1
60.5996 0 0 1 1
60.6996 0 0 1 1
60.7996 0 0 1 1
60.8996 0 0 1 1
60.9996 0 0 1 1
61.0996 0 0 1 1
61.1996 0 0 1 1
61.2996 0 0 1 1
61.3996 0 0 1 1
61.4996 0 0 1 1
61.5996 0 0 1 1
61.6996 0 0 1 1
61.7996 0 0 1 1
61.8996 0 0 1 1
61.9996 0 0 1 1
62.0996 0 0 1 1
62.1996 0 0 1 1
62.2996 0 0 1 1
62.3996 0 0 1 1
62.4996 0 0 1 1
62.5996 0 0 1 1
62.6996 0 0 1 1
62.7996 0 0 1 1
62.8996 0 0 1 1
62.9996 0 0 1 1
63.0996 0 0 1 1
63.1996 0 0 1 1
63.2996 0 0 1 1
63.3996 0 0 1 1
63.4996 0 0 1 1
63.5996 0 0 1 1
63.6996 0 0 1 1
63.7996 0 0 1 1
63.8996 0 0 1 1
63.9996 0 0 1 1
64.0996 0 0 1 1
64.1996 0 0 1 1
64.2996 0 0 1 1
64.3996 0 0 1 1
64.4996 0 0 1 1
64.5996 0 0 1 1
64.6996 0 0 1 1
64.7996 0 0 1 1
64.8996 0 0 1 1
64.9996 0 0 1 1
65.0996 0 0 1 1
65.1996 0 0 1 1
65.2996 0 0 1 1
65.3996 0 0 1 1
65.4996 0 0 1 1
65.5996 0 0 1 1
65.6996 0 0 1 1
65.7996 0 0 1 1
65.8996 0 0 1 1
65.9996 0 0 1 1
66.0996 0 0 1 1
66.1996 0 0 1 1
66.2996 0 0 1 1
66.3996 0 0 1 1
66.4996 0 0 1 1
66.5996 0 0 1 1
66.6996 0 0 1 1
66.7996 0 0 1 1
66.8996 0 0 1 1
66.9995 0 0 1 1
67.0995 0 0 1 1
67.1995 0 0 1 1
67.2995 0 0 1 1
67.3995 0 0 1 1
67.4995 0 0 1 1
67.5995 0 0 1 1
67.6995 0 0 1 1
67.7995 0 0 1 1
67.8995 0 0 1 1
67.9995 0 0 1 1
68.0995 0 0 1 1
68.1995 0 0 1 1
68.2995 0 0 1 1
68.3995 0 0 1 1
68.4995 0 0 1 1
68.5995 0 0 1 1
68.6995 0 0 1 1
68.7995 0 0 1 1
68.8995 0 0 1 1
68.9995 0 0 1 1
69.0995 0 0 1 1
69.1995 0 0 1 1
69.2995 0 0 1 1
69.3995 0 0 1 1
69.4995 0 0 1 1
69.5995 0 0 1 1
69.6995 0 0 1 1
69.7995 0 0 1 1
69.8995 0 0 1 1
69.9995 0 0 1 1
70.0995 0 0 1 1
70.1995 0 0 1 1
70.2995 0 0 1 1
70.3995 0 0 1 1
70.4995 0 0 1 1
70.5995 0 0 1 1
70.6995 0 0 1 1
70.7995 0 0 1 1
70.8995 0 0 1 1
70.9995 0 0 1 1
71.0995 0 0 1 1
71.1995 0 0 1 1
71.2995 0 0 1 1
71.3995 0 0 1 1
71.4995 0 0 1 1
71.5995 0 0 1 1
71.6995 0 0 1 1
71.7995 0 0 1 1
71.8995 0 0 1 1
71.9995 0 0 1 1
72.0995 0 0 1 1
72.1995 0 0 1 1
72.2995 0 0 1 1
72.3995 0 0 1 1
72.4995 0 0 1 1
72.5995 0 0 1 1
72.6995 0 0 1 1
72.7995 0 0 1 1
72.8995 0 0 1 1
72.9995 0 0 1 1
73.0995 0 0 1 1
73.1995 0 0 1 1
73.2995 0 0 1 1
73.3995 0 0 1 1
73.4995 0 0 1 1
73.5994 0 0 1 1
73.6994 0 0 1 1
73.7994 0 0 1 1
73.8994 0 0 1 1
73.9994 0 0 1 1
74.0994 0 0 1 1
74.1994 0 0 1 1
74.2994 0 0 1 1
74.3994 0 0 1 1
74.4994 0 0 1 1
74.5994 0 0 1 1
74.6994 0 0 1 1
74.7994 0 0 1 1
74.8994 0 0 1 1
74.9994 0 0 1 1
75.0994 0 0 1 1
75.1994 0 0 1 1
75.2994 0 0 1 1
75.3994 0 0 1 1
75.4994 0 0 1 1
75.5994 0 0 1 1
75.6994 0 0 1 1
75.7994 0 0 1 1
75.8994 0 0 1 1
75.9994 0 0 1 1
76.0994 0 0 1 1
76.1994 0 0 1 1
76.2994 0 0 1 1
76.3994 0 0 1 1
76.4994 0 0 1 1
76.5994 0 0 1 1
76.6994 0 0 1 1
76.7994 0 0 1 1
76.8994 0 0 1 1
76.9994 0 0 1 1
77.0994 0 0 1 1
77.1994 0 0 1 1
77.2994 0 0 1 1
77.3994 0 0 1 1
77.4994 0 0 1 1
77.5994 0 0 1 1
77.6994 0 0 1 1
77.7994 0 0 1 1
77.8994 0 0 1 1
77.9994 0 0 1 1
78.0994 0 0 1 1
78.1994 0 0 1 1
78.2994 0 0 1 1
78.3994 0 0 1 1
78.4994 0 0 1 1
78.5994 0 0 1 1
78.6994 0 0 1 1
78.7994 0 0 1 1
78.8994 0 0 1 1
78.9994 0 0 1 1
79.0994 0 0 1 1
79.1994 0 0 1 1
79.2994 0 0 1 1
79.3994 0 0 1 1
79.4994 0 0 1 1
79.5994 0 0 1 1
79.6994 0 0 1 1
79.7994 0 0 1 1
79.8994 0 0 1 1
79.9994 0 0 1 1
80.0993 0 0 1 1
80.1993 0 0 1 1
80.2993 0 0 1 1
80.3993 0 0 1 1
80.4993 0 0 1 1
80.5993 0 0 1 1
80.6993 0 0 1 1
80.7993 0 0 1 1
80.8993 0 0 1 1
80.9993 0 0 1 1
81.0993 0 0 1 1
81.1993 0 0 1 1
81.2993 0 0 1 1
81.3993 0 0 1 1
81.4993 0 0 1 1
81.5993 0 0 1 1
81.6993 0 0 1 1
81.7993 0 0 1 1
81.8993 0 0 1 1
81.9993 0 0 1 1
82.0993 0 0 1 1
82.1993 0 0 1 1
82.2993 0 0 1 1
82.3993 0 0 1 1
82.4993 0 0 1 1
82.5993 0 0 1 1
82.6993 0 0 1 1
82.7993 0 0 1 1
82.8993 0 0 1 1
82.9993 0 0 1 1
83.0993 0 0 1 1
83.1993 0 0 1 1
83.2993 0 0 1 1
83.3993 0 0 1 1
83.4993 0 0 1 1
83.5993 0 0 1 1
83.6993 0 0 1 1
83.7993 0 0 1 1
83.8993 0 0 1 1
83.9993 0 0 1 1
84.0993 0 0 1 1
84.1993 0 0 1 1
84.2993 0 0 1 1
84.3993 0 0 1 1
84.4993 0 0 1 1
84.5993 0 0 1 1
84.6993 0 0 1 1
84.7993 0 0 1 1
84.8993 0 0 1 1
84.9993 0 0 1 1
85.0993 0 0 1 1
85.1993 0 0 1 1
85.2993 0 0 1 1
85.3993 0 0 1 1
85.4993 0 0 1 1
85.5993 0 0 1 1
85.6993 0 0 1 1
85.7993 0 0 1 1
85.8993 0 0 1 1
85.9993 0 0 1 1
86.0993 0 0 1 1
86.1993 0 0 1 1
86.2993 0 0 1 1
86.3993 0 0 1 1
86.4993 0 0 1 1
86.5993 0 0 1 1
86.6992 0 0 1 1
86.7992 0 0 1 1
86.8992 0 0 1 1
86.9992 0 0 1 1
87.0992 0 0 1 1
87.1992 0 0 1 1
87.2992 0 0 1 1
87.3992 0 0 1 1
87.4992 0 0 1 1
87.5992 0 0 1 1
87.6992 0 0 1 1
87.7992 0 0 1 1
87.8992 0 0 1 1
87.9992 0 0 1 1
88.0992 0 0 1 1
88.1992 0 0 1 1
88.2992 0 0 1 1
88.3992 0 0 1 1
88.4992 0 0 1 1
88.5992 0 0 1 1
88.6992 0 0 1 1
88.7992 0 0 1 1
88.8992 0 0 1 1
88.9992 0 0 1 1
89.0992 0 0 1 1
89.1992 0 0 1 1
89.2992 0 0 1 1
89.3992 0 0 1 1
89.4992 0 0 1 1
89.5992 0 0 1 1
89.6992 0 0 1 1
89.7992 0 0 1 1
89.8992 0 0 1 1
89.9992 0 0 1 1
90.0992 0 0 1 1
90.1992 0 0 1 1
90.2992 0 0 1 1
90.3992 0 0 1 1
90.4992 0 0 1 1
90.5992 0 0 1 1
90.6992 0 0 1 1
90.7992 0 0 1 1
90.8992 0 0 1 1
90.9992 0 0 1 1
91.0992 0 0 1 1
91.1992 0 0 1 1
91.2992 0 0 1 1
91.3992 0 0 1 1
91.4992 0 0 1 1
91.5992 0 0 1 1
91.6992 0 0 1 1
91.7992 0 0 1 1
91.8992 0 0 1 1
91.9992 0 0 1 1
92.0992 0 0 1 1
92.1992 0 0 1 1
92.2992 0 0 1 1
92.3992 0 0 1 1
92.4992 0 0 1 1
92.5992 0 0 1 1
92.6992 0 0 1 1
92.7992 0 0 1 1
92.8992 0 0 1 1
92.9992 0 0 1 1
93.0992 0 0 1 1
93.1992 0 0 1 1
93.2991 0 0 1 1
93.3991 0 0 1 1
93.4991 0 0 1 1
93.5991 0 0 1 1
93.6991 0 0 1 1
93.7991 0 0 1 1
93.8991 0 0 1 1
93.9991 0 0 1 1
94.0991 0 0 1 1
94.1991 0 0 1 1
94.2991 0 0 1 1
94.3991 0 0 1 1
94.4991 0 0 1 1
94.5991 0 0 1 1
94.6991 0 0 1 1
94.7991 0 0 1 1
94.8991 0 0 1 1
94.9991 0 0 1 1
95.0991 0 0 1 1
95.1991 0 0 1 1
95.2991 0 0 1 1
95.3991 0 0 1 1
95.4991 0 0 1 1
95.5991 0 0 1 1
95.6991 0 0 1 1
95.7991 0 0 1 1
95.8991 0 0 1 1
95.9991 0 0 1 1
96.0991 0 0 1 1
96.1991 0 0 1 1
96.2991 0 0 1 1
96.3991 0 0 1 1
96.4991 0 0 1 1
96.5991 0 0 1 1
96.6991 0 0 1 1
96.7991 0 0 1 1
96.8991 0 0 1 1
96.9991 0 0 1 1
97.0991 0 0 1 1
97.1991 0 0 1 1
97.2991 0 0 1 1
97.3991 0 0 1 1
97.4991 0 0 1 1
97.5991 0 0 1 1
97.6991 0 0 1 1
97.7991 0 0 1 1
97.8991 0 0 1 1
97.9991 0 0 1 1
98.0991 0 0 1 1
98.1991 0 0 1 1
98.2991 0 0 1 1
98.3991 0 0 1 1
98.4991 0 0 1 1
98.5991 0 0 1 1
98.6991 0 0 1 1
98.7991 0 0 1 1
98.8991 0 0 1 1
98.9991 0 0 1 1
99.0991 0 0 1 1
99.1991 0 0 1 1
99.2991 0 0 1 1
99.3991 0 0 1 1
99.4991 0 0 1 1
99.5991 0 0 1 1
99.6991 0 0 1 1
99.799 0 0 1 1
99.899 0 0 1 1
99.999 0 0 1 1
100.099 0 0 1 1
100.199 0 0 1 1
100.299 0 0 1 1
100.399 0 0 1 1
100.499 0 0 1 1
100.599 0 0 1 1
100.699 0 0 1 1
100.799 0 0 1 1
100.899 0 0 1 1
100.999 0 0 1 1
101.099 0 0 1 1
101.199 0 0 1 1
101.299 0 0 1 1
101.399 0 0 1 1
101.499 0 0 1 1
101.599 0 0 1 1
101.699 0 0 1 1
101.799 0 0 1 1
101.899 0 0 1 1
101.999 0 0 1 1
102.099 0 0 1 1
102.199 0 0 1 1
102.299 0 0 1 1
102.399 0 0 1 1
102.499 0 0 1 1
102.599 0 0 1 1
102.699 0 0 1 1
102.799 0 0 1 1
102.899 0 0 1 1
102.999 0 0 1 1
103.099 0 0 1 1
103.199 0 0 1 1
103.299 0 0 1 1
103.399 0 0 1 1
103.499 0 0 1 1
103.599 0 0 1 1
103.699 0 0 1 1
103.799 0 0 1 1
103.899 0 0 1 1
103.999 0 0 1 1
104.099 0 0 1 1
104.199 0 0 1 1
104.299 0 0 1 1
104.399 0 0 1 1
104.499 0 0 1 1
104.599 0 0 1 1
104.699 0 0 1 1
104.799 0 0 1 1
104.899 0 0 1 1
104.999 0 0 1 1
105.099 0 0 1 1
105.199 0 0 1 1
105.299 0 0 1 1
105.399 0 0 1 1
105.499 0 0 1 1
105.599 0 0 1 1
105.699 0 0 1 1
105.799 0 0 1 1
105.899 0 0 1 1
105.999 0 0 1 1
106.099 0 0 1 1
106.199 0 0 1 1
106.299 0 0 1 1
106.399 0 0 1 1
106.499 0 0 1 1
106.599 0 0 1 1
106.699 0 0 1 1
106.799 0 0 1 1
106.899 0 0 1 1
106.999 0 0 1 1
107.099 0 0 1 1
107.199 0 0 1 1
107.299 0 0 1 1
107.399 0 0 1 1
107.499 0 0 1 1
107.599 0 0 1 1
107.699 0 0 1 1
107.799 0 0 1 1
107.899 0 0 1 1
107.999 0 0 1 1
108.099 0 0 1 1
108.199 0 0 1 1
108.299 0 0 1 1
108.399 0 0 1 1
108.499 0 0 1 1
108.599 0 0 1 1
108.699 0 0 1 1
108.799 0 0 1 1
108.899 0 0 1 1
108.999 0 0 1 1
109.099 0 0 1 1
109.199 0 0 1 1
109.299 0 0 1 1
109.399 0 0 1 1
109.499 0 0 1 1
109.599 0 0 1 1
109.699 0 0 1 1
109.799 0 0 1 1
109.899 0 0 1 1
109.999 0 0 1 1
110.099 0 0 1 1
110.199 0 0 1 1
110.299 0 0 1 1
110.399 0 0 1 1
110.499 0 0 1 1
110.599 0 0 1 1
110.699 0 0 1 1
110.799 0 0 1 1
110.899 0 0 1 1
110.999 0 0 1 1
111.099 0 0 1 1
111.199 0 0 1 1
111.299 0 0 1 1
111.399 0 0 1 1
111.499 0 0 1 1
111.599 0 0 1 1
111.699 0 0 1 1
111.799 0 0 1 1
111.899 0 0 1 1
111.999 0 0 1 1
112.099 0 0 1 1
112.199 0 0 1 1
112.299 0 0 1 1
112.399 0 0 1 1
112.499 0 0 1 1
112.599 0 0 1 1
112.699 0 0 1 1
112.799 0 0 1 1
112.899 0 0 1 1
112.999 0 0 1 1
113.099 0 0 1 1
113.199 0 0 1 1
113.299 0 0 1 1
113.399 0 0 1 1
113.499 0 0 1 1
113.599 0 0 1 1
113.699 0 0 1 1
113.799 0 0 1 1
113.899 0 0 1 1
113.999 0 0 1 1
114.099 0 0 1 1
114.199 0 0 1 1
114.299 0 0 1 1
114.399 0 0 1 1
114.499 0 0 1 1
114.599 0 0 1 1
114.699 0 0 1 1
114.799 0 0 1 1
114.899 0 0 1 1
114.999 0 0 1 1
115.099 0 0 1 1
115.199 0 0 1 1
115.299 0 0 1 1
115.399 0 0 1 1
115.499 0 0 1 1
115.599 0 0 1 1
115.699 0 0 1 1
115.799 0 0 1 1
115.899 0 0 1 1
115.999 0 0 1 1
116.099 0 0 1 1
116.199 0 0 1 1
116.299 0 0 1 1
116.399 0 0 1 1
116.499 0 0 1 1
116.599 0 0 1 1
116.699 0 0 1 1
116.799 0 0 1 1
116.899 0 0 1 1
116.999 0 0 1 1
117.099 0 0 1 1
117.199 0 0 1 1
117.299 0 0 1 1
117.399 0 0 1 1
117.499 0 0 1 1
117.599 0 0 1 1
117.699 0 0 1 1
117.799 0 0 1 1
117.899 0 0 1 1
117.999 0 0 1 1
118.099 0 0 1 1
118.199 0 0 1 1
118.299 0 0 1 1
118.399 0 0 1 1
118.499 0 0 1 1
118.599 0 0 1 1
118.699 0 0 1 1
118.799 0 0 1 1
118.899 0 0 1 1
118.999 0 0 1 1
119.099 0 0 1 1
119.199 0 0 1 1
119.299 0 0 1 1
119.399 0 0 1 1
119.499 0 0 1 1
119.599 0 0 1 1
119.699 0 0 1 1
119.799 0 0 1 1
119.899 0 0 1 1
119.999 0 0 1 1
120.099 0 0 1 1
120.199 0 0 1 1
120.299 0 0 1 1
120.399 0 0 1 1
120.499 0 0 1 1
120.599 0 0 1 1
120.699 0 0 1 1
120.799 0 0 1 1
120.899 0 0 1 1
120.999 0 0 1 1
121.099 0 0 1 1
121.199 0 0 1 1
121.299 0 0 1 1
121.399 0 0 1 1
121.499 0 0 1 1
121.599 0 0 1 1
121.699 0 0 1 1
121.799 0 0 1 1
121.899 0 0 1 1
121.999 0 0 1 1
122.099 0 0 1 1
122.199 0 0 1 1
122.299 0 0 1 1
122.399 0 0 1 1
122.499 0 0 1 1
122.599 0 0 1 1
122.699 0 0 1 1
122.799 0 0 1 1
122.899 0 0 1 1
122.999 0 0 1 1
123.099 0 0 1 1
123.199 0 0 1 1
123.299 0 0 1 1
123.399 0 0 1 1
123.499 0 0 1 1
123.599 0 0 1 1
123.699 0 0 1 1
123.799 0 0 1 1
123.899 0 0 1 1
123.999 0 0 1 1
124.099 0 0 1 1
124.199 0 0 1 1
124.299 0 0 1 1
124.399 0 0 1 1
124.499 0 0 1 1
124.599 0 0 1 1
124.699 0 0 1 1
124.799 0 0 1 1
124.899 0 0 1 1
124.999 0 0 1 1
125.099 0 0 1 1
125.199 0 0 1 1
125.299 0 0 1 1
125.399 0 0 1 1
125.499 0 0 1 1
125.599 0 0 1 1
125.699 0 0 1 1
125.799 0 0 1 1
125.899 0 0 1 1
125.999 0 0 1 1
126.099 0 0 1 1
126.199 0 0 1 1
126.299 0 0 1 1
126.399 0 0 1 1
126.499 0 0 1 1
126.599 0 0 1 1
126.699 0 0 1 1
126.799 0 0 1 1
126.899 0 0 1 1
126.999 0 0 1 1
127.099 0 0 1 1
127.199 0 0 1 1
127.299 0 0 1 1
127.399 0 0 1 1
127.499 0 0 1 1
127.599 0 0 1 1
127.699 0 0 1 1
127.799 0 0 1 1
127.899 0 0 1 1
127.999 0 0 1 1
128.099 0 0 1 1
128.199 0 0 1 1
128.299 0 0 1 1
128.399 0 0 1 1
128.499 0 0 1 1
128.599 0 0 1 1
128.699 0 0 1 1
128.799 0 0 1 1
128.899 0 0 1 1
128.999 0 0 1 1
129.099 0 0 1 1
129.199 0 0 1 1
129.299 0 0 1 1
129.399 0 0 1 1
129.499 0 0 1 1
129.599 0 0 1 1
129.699 0 0 1 1
129.799 0 0 1 1
129.899 0 0 1 1
129.999 0 0 1 1
130.099 0 0 1 1
130.199 0 0 1 1
130.299 0 0 1 1
130.399 0 0 1 1
130.499 0 0 1 1
130.599 0 0 1 1
130.699 0 0 1 1
130.799 0 0 1 1
130.899 0 0 1 1
130.999 0 0 1 1
131.099 0 0 1 1
131.199 0 0 1 1
131.299 0 0 1 1
131.399 0 0 1 1
131.499 0 0 1 1
131.599 0 0 1 1
131.699 0 0 1 1
131.799 0 0 1 1
131.899 0 0 1 1
131.999 0 0 1 1
132.099 0 0 1 1
132.199 0 0 1 1
132.299 0 0 1 1
132.399 0 0 1 1
132.499 0 0 1 1
132.599 0 0 1 1
132.699 0 0 1 1
132.799 0 0 1 1
132.899 0 0 1 1
132.999 0 0 1 1
133.099 0 0 1 1
133.199 0 0 1 1
133.299 0 0 1 1
133.399 0 0 1 1
133.499 0 0 1 1
133.599 0 0 1 1
133.699 0 0 1 1
133.799 0 0 1 1
133.899 0 0 1 1
133.999 0 0 1 1
134.099 0 0 1 1
134.199 0 0 1 1
134.299 0 0 1 1
134.399 0 0 1 1
134.499 0 0 1 1
134.599 0 0 1 1
134.699 0 0 1 1
134.799 0 0 1 1
134.899 0 0 1 1
134.999 0 0 1 1
135.099 0 0 1 1
135.199 0 0 1 1
135.299 0 0 1 1
135.399 0 0 1 1
135.499 0 0 1 1
135.599 0 0 1 1
135.699 0 0 1 1
135.799 0 0 1 1
135.899 0 0 1 1
135.999 0 0 1 1
136.099 0 0 1 1
136.199 0 0 1 1
136.299 0 0 1 1
136.399 0 0 1 1
136.499 0 0 1 1
136.599 0 0 1 1
136.699 0 0 1 1
136.799 0 0 1 1
136.899 0 0 1 1
136.999 0 0 1 1
137.099 0 0 1 1
137.199 0 0 1 1
137.299 0 0 1 1
137.399 0 0 1 1
137.499 0 0 1 1
137.599 0 0 1 1
137.699 0 0 1 1
137.799 0 0 1 1
137.899 0 0 1 1
137.999 0 0 1 1
138.099 0 0 1 1
138.199 0 0 1 1
138.299 0 0 1 1
138.399 0 0 1 1
138.499 0 0 1 1
138.599 0 0 1 1
138.699 0 0 1 1
138.799 0 0 1 1
138.899 0 0 1 1
138.999 0 0 1 1
139.099 0 0 1 1
139.199 0 0 1 1
139.299 0 0 1 1
139.399 0 0 1 1
139.499 0 0 1 1
139.599 0 0 1 1
139.699 0 0 1 1
139.799 0 0 1 1
139.899 0 0 1 1
139.999 0 0 1 1
140.099 0 0 1 1
140.199 0 0 1 1
140.299 0 0 1 1
140.399 0 0 1 1
140.499 0 0 1 1
140.599 0 0 1 1
140.699 0 0 1 1
140.799 0 0 1 1
140.899 0 0 1 1
140.999 0 0 1 1
141.099 0 0 1 1
141.199 0 0 1 1
141.299 0 0 1 1
141.399 0 0 1 1
141.499 0 0 1 1
141.599 0 0 1 1
141.699 0 0 1 1
141.799 0 0 1 1
141.899 0 0 1 1
141.999 0 0 1 1
142.099 0 0 1 1
142.199 0 0 1 1
142.299 0 0 1 1
142.399 0 0 1 1
142.499 0 0 1 1
142.6 0 0 1 1
142.7 0 0 1 1
142.8 0 0 1 1
142.9 0 0 1 1
143 0 0 1 1
143.1 0 0 1 1
143.2 0 0 1 1
143.3 0 0 1 1
143.4 0 0 1 1
143.5 0 0 1 1
143.6 0 0 1 1
143.7 0 0 1 1
143.8 0 0 1 1
143.9 0 0 1 1
144 0 0 1 1
144.1 0 0 1 1
144.2 0 0 1 1
144.3 0 0 1 1
144.4 0 0 1 1
144.5 0 0 1 1
144.6 0 0 1 1
144.7 0 0 1 1
144.8 0 0 1 1
144.9 0 0 1 1
145 0 0 1 1
145.1 0 0 1 1
145.2 0 0 1 1
145.3 0 0 1 1
145.4 0 0 1 1
145.5 0 0 1 1
145.6 0 0 1 1
145.7 0 0 1 1
145.8 0 0 1 1
145.9 0 0 1 1
146 0 0 1 1
146.1 0 0 1 1
146.2 0 0 1 1
146.3 0 0 1 1
146.4 0 0 1 1
146.5 0 0 1 1
146.6 0 0 1 1
146.7 0 0 1 1
146.8 0 0 1 1
146.9 0 0 1 1
147 0 0 1 1
147.1 0 0 1 1
147.2 0 0 1 1
147.3 0 0 1 1
147.4 0 0 1 1
147.5 0 0 1 1
147.6 0 0 1 1
147.7 0 0 1 1
147.8 0 0 1 1
147.9 0 0 1 1
148 0 0 1 1
148.1 0 0 1 1
148.2 0 0 1 1
148.3 0 0 1 1
148.4 0 0 1 1
148.5 0 0 1 1
148.6 0 0 1 1
148.7 0 0 1 1
148.8 0 0 1 1
148.9 0 0 1 1
149 0 0 1 1
149.1 0 0 1 1
149.2 0 0 1 1
149.3 0 0 1 1
149.4 0 0 1 1
149.5 0 0 1 1
149.6 0 0 1 1
149.7 0 0 1 1
149.8 0 0 1 1
149.9 0 0 1 1
150 0 0 1 1
