0 0.999 0.001 0 1
0 0.99898 0.00101998 0 1
0.1 0.99896 0.00104036 0 1
0.2 0.998939 0.00106114 0 1
0.3 0.998918 0.00108234 0 1
0.4 0.998896 0.00110397 0 1
0.5 0.998874 0.00112602 0 1
0.6 0.998851 0.00114852 0 1
0.7 0.998829 0.00117146 0 1
0.8 0.998805 0.00119486 0 1
0.9 0.998781 0.00121873 0 1
1 0.998757 0.00124308 0 1
1.1 0.998732 0.00126791 0 1
1.2 0.998707 0.00129323 0 1
1.3 0.998681 0.00131907 0 1
1.4 0.998655 0.00134541 0 1
1.5 0.998628 0.00137228 0 1
1.6 0.9986 0.00139969 0 1
1.7 0.998572 0.00142765 0 1
1.8 0.998544 0.00145616 0 1
1.9 0.998515 0.00148524 0 1
2 0.998485 0.0015149 0 1
2.1 0.998455 0.00154515 0 1
2.2 0.998424 0.00157601 0 1
2.3 0.998392 0.00160748 0 1
2.4 0.99836 0.00163958 0 1
2.5 0.998328 0.00167231 0 1
2.6 0.998294 0.0017057 0 1
2.7 0.99826 0.00173976 0 1
2.8 0.998225 0.0017745 0 1
2.9 0.99819 0.00180992 0 1
3 0.998154 0.00184606 0 1
3.1 0.998117 0.00188291 0 1
3.2 0.998079 0.0019205 0 1
3.3 0.998041 0.00195883 0 1
3.4 0.998002 0.00199793 0 1
3.5 0.997962 0.00203781 0 1
3.6 0.997922 0.00207848 0 1
3.7 0.99788 0.00211997 0 1
3.8 0.997838 0.00216228 0 1
3.9 0.997795 0.00220543 0 1
4 0.997751 0.00224944 0 1
4.1 0.997706 0.00229433 0 1
4.2 0.99766 0.00234011 0 1
4.3 0.997613 0.0023868 0 1
4.4 0.997566 0.00243442 0 1
4.5 0.997517 0.00248299 0 1
4.6 0.997468 0.00253253 0 1
4.7 0.997417 0.00258305 0 1
4.8 0.997365 0.00263458 0 1
4.9 0.997313 0.00268713 0 1
5 0.997259 0.00274073 0 1
5.1 0.997205 0.00279539 0 1
5.2 0.997149 0.00285115 0 1
5.3 0.997092 0.00290801 0 1
5.4 0.997034 0.002966 0 1
5.5 0.996975 0.00302514 0 1
5.6 0.996915 0.00308546 0 1
5.7 0.996853 0.00314698 0 1
5.8 0.99679 0.00320972 0 1
5.9 0.996726 0.00327371 0 1
6 0.996661 0.00333897 0 1
6.1 0.996594 0.00340553 0 1
6.2 0.996527 0.0034734 0 1
6.3 0.996457 0.00354263 0 1
6.4 0.996387 0.00361323 0 1
6.5 0.996315 0.00368524 0 1
6.6 0.996241 0.00375867 0 1
6.7 0.996167 0.00383356 0 1
6.8 0.99609 0.00390994 0 1
6.9 0.996012 0.00398783 0 1
7 0.995933 0.00406727 0 1
7.1 0.995852 0.00414828 0 1
7.2 0.995769 0.00423091 0 1
7.3 0.995685 0.00431517 0 1
7.4 0.995599 0.0044011 0 1
7.5 0.995511 0.00448873 0 1
7.6 0.995422 0.0045781 0 1
7.7 0.995331 0.00466925 0 1
7.79999 0.995238 0.00476219 0 1
7.89999 0.995143 0.00485698 0 1
7.99999 0.995046 0.00495365 0 1
8.09999 0.994948 0.00505223 0 1
8.2 0.994847 0.00515277 0 1
8.3 0.994745 0.00525529 0 1
8.4 0.99464 0.00535985 0 1
8.5 0.994534 0.00546647 0 1
8.6 0.994425 0.0055752 0 1
8.7 0.994314 0.00568608 0 1
8.8 0.994201 0.00579916 0 1
8.9 0.994086 0.00591447 0 1
9 0.993968 0.00603206 0 1
9.1 0.993848 0.00615197 0 1
9.2 0.993726 0.00627426 0 1
9.3 0.993601 0.00639895 0 1
9.4 0.993474 0.00652611 0 1
9.5 0.993344 0.00665578 0 1
9.6 0.993212 0.00678801 0 1
9.7 0.993077 0.00692285 0 1
9.8 0.99294 0.00706035 0 1
9.9 0.9928 0.00720056 0 1
10 0.992657 0.00734354 0 1
10.1 0.992511 0.00748933 0 1
10.2 0.992362 0.00763799 0 1
10.3 0.992211 0.00778959 0 1
10.4 0.992056 0.00794416 0 1
10.5 0.991898 0.00810178 0 1
10.6 0.991738 0.00826251 0 1
10.7 0.991574 0.00842639 0 1
10.8 0.991407 0.0085935 0 1
10.9 0.991236 0.00876389 0 1
11 0.991063 0.00893764 0 1
11.1 0.990885 0.00911479 0 1
11.2 0.990705 0.00929543 0 1
11.3 0.990521 0.00947961 0 1
11.4 0.990333 0.0096674 0 1
11.5 0.990141 0.00985888 0 1
11.6 0.989946 0.0100541 0 1
11.7 0.989747 0.0102532 0 1
11.8 0.989544 0.0104561 0 1
11.9 0.989337 0.0106631 0 1
12 0.989126 0.0108741 0 1
12.1 0.988911 0.0110892 0 1
12.2 0.988692 0.0113085 0 1
12.3 0.988468 0.0115321 0 1
12.4 0.98824 0.0117601 0 1
12.5 0.988008 0.0119925 0 1
12.6 0.987771 0.0122295 0 1
12.7 0.987529 0.0124711 0 1
12.8 0.987283 0.0127174 0 1
12.9 0.987032 0.0129685 0 1
13 0.986776 0.0132245 0 1
13.1 0.986515 0.0134855 0 1
13.2 0.986248 0.0137516 0 1
13.3 0.985977 0.0140228 0 1
13.4 0.985701 0.0142994 0 1
13.5 0.985419 0.0145813 0 1
13.6 0.985132 0.0148686 0 1
13.7 0.984839 0.0151616 0 1
13.8 0.98454 0.0154602 0 1
13.9 0.984236 0.0157647 0 1
14 0.983925 0.016075 0 1
14.1 0.983609 0.0163913 0 1
14.2 0.983286 0.0167138 0 1
14.3 0.982958 0.0170424 0 1
14.4 0.982623 0.0173775 0 1
14.5 0.982281 0.017719 0 1
14.6 0.981933 0.0180671 0 1
14.7 0.981578 0.0184219 0 1
14.8 0.981217 0.0187836 0 1
14.9 0.980848 0.0191522 0 1
15 0.980472 0.0195279 0 1
15.1 0.980089 0.0199108 0 1
15.2 0.979699 0.0203011 0 1
15.3 0.979301 0.0206989 0 1
15.4 0.978896 0.0211043 0 1
15.5 0.978483 0.0215175 0 1
15.6 0.978062 0.0219386 0 1
15.7 0.977632 0.0223677 0 1
15.8 0.977195 0.0228051 0 1
15.9 0.976749 0.0232508 0 1
16 0.976295 0.023705 0 1
16.1 0.975832 0.0241678 0 1
16.2 0.975361 0.0246395 0 1
16.3 0.97488 0.0251201 0 1
16.4 0.97439 0.0256099 0 1
16.5 0.973891 0.026109 0 1
16.6 0.973383 0.0266175 0 1
16.7 0.972864 0.0271357 0 1
16.8 0.972336 0.0276637 0 1
16.9 0.971798 0.0282017 0 1
17 0.97125 0.0287498 0 1
17.1 0.970692 0.0293083 0 1
17.2 0.970123 0.0298773 0 1
17.3 0.969543 0.030457 0 1
17.4 0.968953 0.0310475 0 1
17.5 0.968351 0.0316492 0 1
17.6 0.967738 0.0322622 0 1
17.7 0.967114 0.0328866 0 1
17.8 0.966478 0.0335227 0 1
17.9 0.96583 0.0341707 0 1
18 0.965169 0.0348307 0 1
18.1 0.964497 0.0355031 0 1
18.2 0.963812 0.0361879 0 1
18.3 0.963115 0.0368855 0 1
18.4 0.962404 0.037596 0 1
18.5 0.961681 0.0383197 0 1
18.6 0.960944 0.0390567 0 1
18.7 0.960193 0.0398073 0 1
18.8 0.959429 0.0405718 0 1
18.9 0.95865 0.0413503 0 1
19 0.957857 0.0421431 0 1
19.1 0.95705 0.0429504 0 1
19.2 0.956228 0.0437725 0 1
19.3 0.955391 0.0446097 0 1
19.4 0.954538 0.0454621 0 1
19.5 0.95367 0.04633 0 1
19.6 0.952787 0.0472136 0 1
19.7 0.951887 0.0481133 0 1
19.8 0.950971 0.0490293 0 1
19.9 0.950038 0.0499618 0 1
20 0.949089 0.0509111 0 1
20.1 0.948123 0.0518775 0 1
20.2 0.947139 0.0528612 0 1
20.3 0.946138 0.0538626 0 1
20.4 0.945118 0.0548818 0 1
20.5 0.944081 0.0559192 0 1
20.6 0.943025 0.056975 0 1
20.7 0.941951 0.0580496 0 1
20.8 0.940857 0.0591432 0 1
20.9 0.939744 0.0602561 0 1
21 0.938612 0.0613886 0 1
21.1 0.937459 0.062541 0 1
21.2 0.936287 0.0637136 0 1
21.3 0.935094 0.0649067 0 1
21.4 0.93388 0.0661206 0 1
21.5 0.932645 0.0673556 0 1
21.6 0.931388 0.0686119 0 1
21.7 0.93011 0.06989 0 1
21.8 0.92881 0.0711901 0 1
21.9 0.927488 0.0725126 0 1
22 0.926143 0.0738577 0 1
22.1 0.924775 0.0752257 0 1
22.2 0.923383 0.0766171 0 1
22.3 0.921968 0.078032 0 1
22.4 0.920529 0.0794709 0 1
22.5 0.919066 0.080934 0 1
22.6 0.917579 0.0824216 0 1
22.7001 0.916066 0.0839342 0 1
22.8001 0.914528 0.085472 0 1
22.9001 0.912965 0.0870353 0 1
23.0001 0.911376 0.0886245 0 1
23.1001 0.90976 0.0902399 0 1
23.2001 0.908118 0.0918819 0 1
23.3001 0.90645 0.0935507 0 1
23.4001 0.904754 0.0952467 0 1
23.5001 0.90303 0.0969701 0 1
23.6001 0.901279 0.0987215 0 1
23.7001 0.899499 0.100501 0 1
23.8001 0.897691 0.102309 0 1
23.9001 0.895855 0.104146 0 1
24.0001 0.893989 0.106012 0 1
24.1001 0.892093 0.107907 0 1
24.2001 0.890168 0.109833 0 1
24.3001 0.888212 0.111788 0 1
24.4001 0.886227 0.113774 0 1
24.5001 0.88421 0.11579 0 1
24.6001 0.882162 0.117838 0 1
24.7001 0.880083 0.119917 0 1
24.8001 0.877972 0.122028 0 1
24.9001 0.87583 0.124171 0 1
25.0001 0.873655 0.126346 0 1
25.1001 0.871447 0.128553 0 1
25.2001 0.869207 0.130794 0 1
25.3001 0.866933 0.133068 0 1
25.4001 0.864626 0.135375 0 1
25.5001 0.862285 0.137716 0 1
25.6001 0.85991 0.140091 0 1
25.7001 0.8575 0.1425 0 1
25.8001 0.855056 0.144944 0 1
25.9001 0.852578 0.147423 0 1
26.0001 0.850064 0.149936 0 1
26.1001 0.847515 0.152486 0 1
26.2001 0.84493 0.15507 0 1
26.3001 0.84231 0.157691 0 1
26.4001 0.839653 0.160347 0 1
26.5001 0.836961 0.16304 0 1
26.6001 0.834231 0.165769 0 1
26.7001 0.831466 0.168535 0 1
26.8001 0.828663 0.171337 0 1
26.9001 0.825823 0.174177 0 1
27.0001 0.822947 0.177054 0 1
27.1001 0.820032 0.179968 0 1
27.2001 0.817081 0.18292 0 1
27.3001 0.814092 0.185909 0 1
27.4001 0.811065 0.188936 0 1
27.5001 0.808 0.192 0 1
27.6001 0.804897 0.195103 0 1
27.7001 0.801756 0.198244 0 1
27.8001 0.798578 0.201423 0 1
27.9001 0.795361 0.20464 0 1
28.0001 0.792105 0.207895 0 1
28.1001 0.788812 0.211189 0 1
28.2001 0.78548 0.21452 0 1
28.3001 0.78211 0.21789 0 1
28.4001 0.778702 0.221299 0 1
28.5001 0.775255 0.224745 0 1
28.6001 0.77177 0.22823 0 1
28.7001 0.768248 0.231753 0 1
28.8001 0.764687 0.235314 0 1
28.9001 0.761088 0.238912 0 1
29.0001 0.757451 0.242549 0 1
29.1001 0.753777 0.246224 0 1
29.2001 0.750065 0.249935 0 1
29.3001 0.746316 0.253685 0 1
29.4001 0.742529 0.257471 0 1
29.5001 0.738705 0.261295 0 1
29.6001 0.734845 0.265155 0 1
29.7001 0.730948 0.269052 0 1
29.8001 0.727015 0.272986 0 1
29.9001 0.723045 0.276955 0 1
30.0001 0.71904 0.28096 0 1
30.1001 0.715 0.285 0 1
30.2001 0.710925 0.289076 0 1
30.3001 0.706814 0.293186 0 1
30.4001 0.70267 0.297331 0 1
30.5001 0.698491 0.301509 0 1
30.6001 0.694279 0.305721 0 1
30.7001 0.690034 0.309966 0 1
30.8001 0.685756 0.314244 0 1
30.9001 0.681446 0.318554 0 1
31.0001 0.677105 0.322895 0 1
31.1001 0.672732 0.327268 0 1
31.2001 0.668329 0.331671 0 1
31.3001 0.663896 0.336105 0 1
31.4001 0.659433 0.340568 0 1
31.5001 0.654941 0.345059 0 1
31.6001 0.650421 0.349579 0 1
31.7001 0.645874 0.354127 0 1
31.8001 0.641299 0.358701 0 1
31.9001 0.636699 0.363302 0 1
32.0001 0.632072 0.367928 0 1
32.1001 0.627421 0.372579 0 1
32.2001 0.622746 0.377254 0 1
32.3001 0.618047 0.381953 0 1
32.4001 0.613326 0.386674 0 1
32.5001 0.608583 0.391417 0 1
32.6001 0.603819 0.396182 0 1
32.7001 0.599034 0.400966 0 1
32.8001 0.59423 0.40577 0 1
32.9001 0.589408 0.410592 0 1
33.0001 0.584568 0.415432 0 1
33.1001 0.579711 0.420289 0 1
33.2001 0.574838 0.425162 0 1
33.3001 0.56995 0.43005 0 1
33.4001 0.565048 0.434952 0 1
33.5001 0.560133 0.439868 0 1
33.6001 0.555205 0.444796 0 1
33.7001 0.550266 0.449735 0 1
33.8001 0.545316 0.454684 0 1
33.9001 0.540357 0.459643 0 1
34.0001 0.53539 0.46461 0 1
34.1001 0.530415 0.469585 0 1
34.2001 0.525433 0.474567 0 1
34.3 0.520446 0.479554 0 1
34.4 0.515455 0.484546 0 1
34.5 0.510459 0.489541 0 1
34.6 0.505462 0.494539 0 1
34.7 0.500462 0.499538 0 1
34.8 0.495462 0.504538 0 1
34.9 0.490463 0.509538 0 1
35 0.485465 0.514536 0 1
35.1 0.480469 0.519532 0 1
35.2 0.475476 0.524524 0 1
35.3 0.470488 0.529512 0 1
35.4 0.465506 0.534495 0 1
35.5 0.46053 0.539471 0 1
35.6 0.455561 0.54444 0 1
35.7 0.4506 0.5494 0 1
35.8 0.445649 0.554351 0 1
35.9 0.440708 0.559292 0 1
36 0.435778 0.564222 0 1
36.1 0.430861 0.569139 0 1
36.2 0.425957 0.574044 0 1
36.3 0.421066 0.578934 0 1
36.4 0.416191 0.583809 0 1
36.5 0.411331 0.588669 0 1
36.6 0.406488 0.593512 0 1
36.7 0.401663 0.598337 0 1
36.8 0.396857 0.603143 0 1
36.9 0.39207 0.607931 0 1
37 0.387302 0.612698 0 1
37.1 0.382556 0.617444 0 1
37.2 0.377832 0.622168 0 1
37.3 0.373131 0.626869 0 1
37.4 0.368453 0.631547 0 1
37.5 0.363799 0.636201 0 1
37.6 0.35917 0.64083 0 1
37.7 0.354567 0.645434 0 1
37.8 0.34999 0.650011 0 1
37.9 0.34544 0.654561 0 1
38 0.340917 0.659083 0 1
38.1 0.336424 0.663577 0 1
38.2 0.331959 0.668041 0 1
38.3 0.327523 0.672477 0 1
38.4 0.323118 0.676882 0 1
38.5 0.318744 0.681256 0 1
38.6 0.314401 0.685599 0 1
38.7 0.31009 0.68991 0 1
38.8 0.305811 0.694189 0 1
38.9 0.301566 0.698434 0 1
39 0.297353 0.702647 0 1
39.1 0.293175 0.706826 0 1
39.2 0.28903 0.71097 0 1
39.3 0.28492 0.71508 0 1
39.4 0.280845 0.719155 0 1
39.5 0.276806 0.723194 0 1
39.6 0.272802 0.727198 0 1
39.7 0.268835 0.731166 0 1
39.8 0.264903 0.735097 0 1
39.9 0.261009 0.738991 0 1
40 0.257151 0.742849 0 1
40.1 0.253331 0.746669 0 1
40.2 0.249548 0.750453 0 1
40.3 0.245802 0.754198 0 1
40.4 0.242094 0.757906 0 1
40.5 0.238425 0.761575 0 1
40.6 0.234793 0.765207 0 1
40.7 0.2312 0.7688 0 1
40.7999 0.227645 0.772355 0 1
40.8999 0.224128 0.775872 0 1
40.9999 0.220651 0.77935 0 1
41.0999 0.217211 0.782789 0 1
41.1999 0.213811 0.786189 0 1
41.2999 0.210449 0.789551 0 1
41.3999 0.207126 0.792875 0 1
41.4999 0.203841 0.796159 0 1
41.5999 0.200595 0.799405 0 1
41.6999 0.197388 0.802612 0 1
41.7999 0.19422 0.805781 0 1
41.8999 0.19109 0.808911 0 1
41.9999 0.187998 0.812002 0 1
42.0999 0.184945 0.815055 0 1
42.1999 0.18193 0.81807 0 1
42.2999 0.178954 0.821047 0 1
42.3999 0.176015 0.823985 0 1
42.4999 0.173114 0.826886 0 1
42.5999 0.170251 0.829749 0 1
42.6999 0.167426 0.832574 0 1
42.7999 0.164638 0.835362 0 1
42.8999 0.161888 0.838113 0 1
42.9999 0.159174 0.840826 0 1
43.0999 0.156497 0.843503 0 1
43.1999 0.153857 0.846143 0 1
43.2999 0.151253 0.848747 0 1
43.3999 0.148686 0.851314 0 1
43.4999 0.146154 0.853846 0 1
43.5999 0.143658 0.856342 0 1
43.6999 0.141198 0.858802 0 1
43.7999 0.138773 0.861227 0 1
43.8999 0.136383 0.863618 0 1
43.9999 0.134027 0.865973 0 1
44.0999 0.131706 0.868295 0 1
44.1999 0.129418 0.870582 0 1
44.2999 0.127165 0.872835 0 1
44.3999 0.124945 0.875055 0 1
44.4999 0.122758 0.877242 0 1
44.5999 0.120605 0.879396 0 1
44.6999 0.118484 0.881517 0 1
44.7999 0.116395 0.883606 0 1
44.8999 0.114338 0.885663 0 1
44.9999 0.112312 0.887688 0 1
45.0999 0.110318 0.889682 0 1
45.1999 0.108355 0.891645 0 1
45.2999 0.106423 0.893577 0 1
45.3999 0.104521 0.895479 0 1
45.4999 0.102649 0.897351 0 1
45.5999 0.100807 0.899193 0 1
45.6999 0.0989941 0.901006 0 1
45.7999 0.0972103 0.90279 0 1
45.8999 0.095455 0.904545 0 1
45.9999 0.0937282 0.906272 0 1
46.0999 0.0920293 0.907971 0 1
46.1999 0.0903581 0.909642 0 1
46.2999 0.0887142 0.911286 0 1
46.3999 0.0870974 0.912903 0 1
46.4999 0.0855071 0.914493 0 1
46.5999 0.0839432 0.916057 0 1
46.6999 0.0824053 0.917595 0 1
46.7999 0.080893 0.919107 0 1
46.8999 0.079406 0.920594 0 1
46.9999 0.077944 0.922056 0 1
47.0999 0.0765066 0.923494 0 1
47.1999 0.0750935 0.924907 0 1
47.2999 0.0737044 0.926296 0 1
47.3998 0.072339 0.927661 0 1
47.4998 0.0709969 0.929003 0 1
47.5998 0.0696777 0.930323 0 1
47.6998 0.0683813 0.931619 0 1
47.7998 0.0671072 0.932893 0 1
47.8998 0.0658551 0.934145 0 1
47.9998 0.0646247 0.935376 0 1
48.0998 0.0634158 0.936584 0 1
48.1998 0.0622279 0.937772 0 1
48.2998 0.0610608 0.938939 0 1
48.3998 0.0599141 0.940086 0 1
48.4998 0.0587876 0.941213 0 1
48.5998 0.057681 0.942319 0 1
48.6998 0.0565939 0.943406 0 1
48.7998 0.0555261 0.944474 0 1
48.8998 0.0544772 0.945523 0 1
48.9998 0.0534471 0.946553 0 1
49.0998 0.0524352 0.947565 0 1
49.1998 0.0514415 0.948559 0 1
49.2998 0.0504656 0.949535 0 1
49.3998 0.0495072 0.950493 0 1
49.4998 0.0485661 0.951434 0 1
49.5998 0.047642 0.952358 0 1
49.6998 0.0467345 0.953266 0 1
49.7998 0.0458435 0.954157 0 1
49.8998 0.0449687 0.955032 0 1
49.9998 0.0441098 0.95589 0 1
50.0998 0.0432665 0.956734 0 1
50.1998 0.0424386 0.957562 0 1
50.2998 0.0416258 0.958374 0 1
50.3998 0.040828 0.959172 0 1
50.4998 0.0400447 0.959955 0 1
50.5998 0.0392759 0.960724 0 1
50.6998 0.0385213 0.961479 0 1
50.7998 0.0377805 0.96222 0 1
50.8998 0.0370534 0.962947 0 1
50.9998 0.0363398 0.96366 0 1
51.0998 0.0356395 0.964361 0 1
51.1998 0.0349521 0.965048 0 1
51.2998 0.0342775 0.965723 0 1
51.3998 0.0336154 0.966385 0 1
51.4998 0.0329657 0.967034 0 1
51.5998 0.0323281 0.967672 0 1
51.6998 0.0317025 0.968298 0 1
51.7998 0.0310885 0.968912 0 1
51.8998 0.0304861 0.969514 0 1
51.9998 0.0298949 0.970105 0 1
52.0998 0.0293149 0.970685 0 1
52.1998 0.0287458 0.971254 0 1
52.2998 0.0281874 0.971813 0 1
52.3998 0.0276396 0.972361 0 1
52.4998 0.027102 0.972898 0 1
52.5998 0.0265747 0.973425 0 1
52.6998 0.0260573 0.973943 0 1
52.7998 0.0255498 0.97445 0 1
52.8998 0.0250518 0.974948 0 1
52.9998 0.0245633 0.975437 0 1
53.0998 0.0240841 0.975916 0 1
53.1998 0.0236141 0.976386 0 1
53.2998 0.0231529 0.976847 0 1
53.3998 0.0227006 0.9773 0 1
53.4998 0.0222569 0.977743 0 1
53.5998 0.0218216 0.978179 0 1
53.6998 0.0213947 0.978605 0 1
53.7998 0.020976 0.979024 0 1
53.8997 0.0205653 0.979435 0 1
53.9997 0.0201624 0.979838 0 1
54.0997 0.0197673 0.980233 0 1
54.1997 0.0193798 0.98062 0 1
54.2997 0.0189997 0.981 0 1
54.3997 0.0186269 0.981373 0 1
54.4997 0.0182613 0.981739 0 1
54.5997 0.0179028 0.982097 0 1
54.6997 0.0175511 0.982449 0 1
54.7997 0.0172063 0.982794 0 1
54.8997 0.0168681 0.983132 0 1
54.9997 0.0165364 0.983464 0 1
55.0997 0.0162111 0.983789 0 1
55.1997 0.0158922 0.984108 0 1
55.2997 0.0155794 0.984421 0 1
55.3997 0.0152726 0.984728 0 1
55.4997 0.0149718 0.985028 0 1
55.5997 0.0146769 0.985323 0 1
55.6997 0.0143877 0.985613 0 1
55.7997 0.0141041 0.985896 0 1
55.8997 0.013826 0.986174 0 1
55.9997 0.0135533 0.986447 0 1
56.0997 0.0132859 0.986714 0 1
56.1997 0.0130237 0.986977 0 1
56.2997 0.0127666 0.987234 0 1
56.3997 0.0125145 0.987486 0 1
56.4997 0.0122674 0.987733 0 1
56.5997 0.012025 0.987975 0 1
56.6997 0.0117874 0.988213 0 1
56.7997 0.0115544 0.988446 0 1
56.8997 0.011326 0.988674 0 1
56.9997 0.0111021 0.988898 0 1
57.0997 0.0108825 0.989118 0 1
57.1997 0.0106672 0.989333 0 1
57.2997 0.0104561 0.989544 0 1
57.3997 0.0102492 0.989751 0 1
57.4997 0.0100463 0.989954 0 1
57.5997 0.00984742 0.990153 0 1
57.6997 0.00965241 0.990348 0 1
57.7997 0.00946123 0.990539 0 1
57.8997 0.00927379 0.990727 0 1
57.9997 0.00909004 0.99091 0 1
58.0997 0.00890989 0.99109 0 1
58.1997 0.00873328 0.991267 0 1
58.2997 0.00856014 0.99144 0 1
58.3997 0.0083904 0.99161 0 1
58.4997 0.008224 0.991776 0 1
58.5997 0.00806087 0.991939 0 1
58.6997 0.00790096 0.992099 0 1
58.7997 0.00774418 0.992256 0 1
58.8997 0.0075905 0.99241 0 1
58.9997 0.00743984 0.992561 0 1
59.0997 0.00729215 0.992708 0 1
59.1997 0.00714737 0.992853 0 1
59.2997 0.00700545 0.992995 0 1
59.3997 0.00686632 0.993134 0 1
59.4997 0.00672994 0.99327 0 1
59.5997 0.00659624 0.993404 0 1
59.6997 0.00646519 0.993535 0 1
59.7997 0.00633672 0.993664 0 1
59.8997 0.00621079 0.99379 0 1
59.9997 0.00608734 0.993913 0 1
60.0997 0.00596634 0.994034 0 1
60.1997 0.00584772 0.994153 0 1
60.2997 0.00573145 0.994269 0 1
60.3997 0.00561748 0.994383 0 1
60.4996 0.00550576 0.994495 0 1
60.5996 0.00539625 0.994604 0 1
60.6996 0.00528891 0.994711 0 1
60.7996 0.00518369 0.994817 0 1
60.8996 0.00508056 0.99492 0 1
60.9996 0.00497946 0.995021 0 1
61.0996 0.00488037 0.99512 0 1
61.1996 0.00478324 0.995217 0 1
61.2996 0.00468803 0.995312 0 1
61.3996 0.00459471 0.995406 0 1
61.4996 0.00450324 0.995497 0 1
61.5996 0.00441358 0.995587 0 1
61.6996 0.00432569 0.995675 0 1
61.7996 0.00423955 0.995761 0 1
61.8996 0.00415512 0.995845 0 1
61.9996 0.00407237 0.995928 0 1
62.0996 0.00399125 0.996009 0 1
62.1996 0.00391174 0.996089 0 1
62.2996 0.00383381 0.996166 0 1
62.3996 0.00375743 0.996243 0 1
62.4996 0.00368257 0.996318 0 1
62.5996 0.00360919 0.996391 0 1
62.6996 0.00353726 0.996463 0 1
62.7996 0.00346677 0.996534 0 1
62.8996 0.00339767 0.996603 0 1
62.9996 0.00332995 0.99667 0 1
63.0996 0.00326357 0.996737 0 1
63.1996 0.00319851 0.996802 0 1
63.2996 0.00313475 0.996866 0 1
63.3996 0.00307225 0.996928 0 1
63.4996 0.00301099 0.996989 0 1
63.5996 0.00295095 0.997049 0 1
63.6996 0.00289211 0.997108 0 1
63.7996 0.00283444 0.997166 0 1
63.8996 0.00277791 0.997222 0 1
63.9996 0.0027225 0.997278 0 1
64.0996 0.0026682 0.997332 0 1
64.1996 0.00261498 0.997385 0 1
64.2996 0.00256282 0.997437 0 1
64.3996 0.00251169 0.997489 0 1
64.4996 0.00246158 0.997539 0 1
64.5996 0.00241247 0.997588 0 1
64.6996 0.00236434 0.997636 0 1
64.7996 0.00231717 0.997683 0 1
64.8996 0.00227093 0.997729 0 1
64.9996 0.00222561 0.997775 0 1
65.0996 0.0021812 0.997819 0 1
65.1996 0.00213767 0.997863 0 1
65.2996 0.00209501 0.997905 0 1
65.3996 0.0020532 0.997947 0 1
65.4996 0.00201222 0.997988 0 1
65.5996 0.00197205 0.998028 0 1
65.6996 0.00193269 0.998068 0 1
65.7996 0.00189411 0.998106 0 1
65.8996 0.0018563 0.998144 0 1
65.9996 0.00181924 0.998181 0 1
66.0996 0.00178293 0.998217 0 1
66.1996 0.00174733 0.998253 0 1
66.2996 0.00171245 0.998288 0 1
66.3996 0.00167826 0.998322 0 1
66.4996 0.00164475 0.998356 0 1
66.5996 0.00161191 0.998388 0 1
66.6996 0.00157972 0.998421 0 1
66.7996 0.00154818 0.998452 0 1
66.8996 0.00151726 0.998483 0 1
66.9995 0.00148696 0.998513 0 1
67.0995 0.00145727 0.998543 0 1
67.1995 0.00142816 0.998572 0 1
67.2995 0.00139964 0.998601 0 1
67.3995 0.00137169 0.998629 0 1
67.4995 0.00134429 0.998656 0 1
67.5995 0.00131744 0.998683 0 1
67.6995 0.00129113 0.998709 0 1
67.7995 0.00126534 0.998735 0 1
67.8995 0.00124006 0.99876 0 1
67.9995 0.00121529 0.998785 0 1
68.0995 0.00119102 0.998809 0 1
68.1995 0.00116722 0.998833 0 1
68.2995 0.00114391 0.998856 0 1
68.3995 0.00112105 0.998879 0 1
68.4995 0.00109866 0.998902 0 1
68.5995 0.00107671 0.998923 0 1
68.6995 0.0010552 0.998945 0 1
68.7995 0.00103412 0.998966 0 1
68.8995 0.00101346 0.998987 0 1
68.9995 0.000993207 0.999007 0 1
69.0995 0.000973363 0.999027 0 1
69.1995 0.000953915 0.999046 0 1
69.2995 0.000934854 0.999065 0 1
69.3995 0.000916175 0.999084 0 1
69.4995 0.000897868 0.999102 0 1
69.5995 0.000879927 0.99912 0 1
69.6995 0.000862344 0.999138 0 1
69.7995 0.000845112 0.999155 0 1
69.8995 0.000828224 0.999172 0 1
69.9995 0.000811673 0.999189 0 1
70.0995 0.000795453 0.999205 0 1
70.1995 0.000779556 0.999221 0 1
70.2995 0.000763977 0.999236 0 1
70.3995 0.00074871 0.999251 0 1
70.4995 0.000733747 0.999266 0 1
70.5995 0.000719082 0.999281 0 1
70.6995 0.000704711 0.999295 0 1
70.7995 0.000690627 0.99931 0 1
70.8995 0.000676824 0.999323 0 1
70.9995 0.000663297 0.999337 0 1
71.0995 0.000650039 0.99935 0 1
71.1995 0.000637047 0.999363 0 1
71.2995 0.000624314 0.999376 0 1
71.3995 0.000611836 0.999388 0 1
71.4995 0.000599606 0.999401 0 1
71.5995 0.000587622 0.999413 0 1
71.6995 0.000575876 0.999424 0 1
71.7995 0.000564365 0.999436 0 1
71.8995 0.000553084 0.999447 0 1
71.9995 0.000542029 0.999458 0 1
72.0995 0.000531194 0.999469 0 1
72.1995 0.000520576 0.99948 0 1
72.2995 0.00051017 0.99949 0 1
72.3995 0.000499971 0.9995 0 1
72.4995 0.000489977 0.99951 0 1
72.5995 0.000480182 0.99952 0 1
72.6995 0.000470583 0.99953 0 1
72.7995 0.000461176 0.999539 0 1
72.8995 0.000451957 0.999548 0 1
72.9995 0.000442922 0.999557 0 1
73.0995 0.000434067 0.999566 0 1
73.1995 0.000425389 0.999575 0 1
73.2995 0.000416885 0.999583 0 1
73.3995 0.000408551 0.999592 0 1
73.4995 0.000400383 0.9996 0 1
73.5994 0.000392379 0.999608 0 1
73.6994 0.000384534 0.999616 0 1
73.7994 0.000376847 0.999623 0 1
73.8994 0.000369313 0.999631 0 1
73.9994 0.000361929 0.999638 0 1
74.0994 0.000354693 0.999646 0 1
74.1994 0.000347602 0.999653 0 1
74.2994 0.000340652 0.99966 0 1
74.3994 0.000333841 0.999666 0 1
74.4994 0.000327167 0.999673 0 1
74.5994 0.000320626 0.99968 0 1
74.6994 0.000314215 0.999686 0 1
74.7994 0.000307933 0.999692 0 1
74.8994 0.000301776 0.999698 0 1
74.9994 0.000295742 0.999704 0 1
75.0994 0.000289829 0.99971 0 1
75.1994 0.000284034 0.999716 0 1
75.2994 0.000278355 0.999722 0 1
75.3994 0.00027279 0.999727 0 1
75.4994 0.000267335 0.999733 0 1
75.5994 0.00026199 0.999738 0 1
75.6994 0.000256752 0.999743 0 1
75.7994 0.000251618 0.999749 0 1
75.8994 0.000246587 0.999754 0 1
75.9994 0.000241656 0.999759 0 1
76.0994 0.000236824 0.999763 0 1
76.1994 0.000232089 0.999768 0 1
76.2994 0.000227448 0.999773 0 1
76.3994 0.0002229 0.999777 0 1
76.4994 0.000218443 0.999782 0 1
76.5994 0.000214075 0.999786 0 1
76.6994 0.000209795 0.99979 0 1
76.7994 0.0002056 0.999795 0 1
76.8994 0.000201489 0.999799 0 1
76.9994 0.00019746 0.999803 0 1
77.0994 0.000193511 0.999807 0 1
77.1994 0.000189642 0.999811 0 1
77.2994 0.00018585 0.999814 0 1
77.3994 0.000182133 0.999818 0 1
77.4994 0.000178491 0.999822 0 1
77.5994 0.000174922 0.999825 0 1
77.6994 0.000171424 0.999829 0 1
77.7994 0.000167996 0.999832 0 1
77.8994 0.000164637 0.999836 0 1
77.9994 0.000161345 0.999839 0 1
78.0994 0.000158119 0.999842 0 1
78.1994 0.000154957 0.999845 0 1
78.2994 0.000151858 0.999848 0 1
78.3994 0.000148821 0.999851 0 1
78.4994 0.000145845 0.999854 0 1
78.5994 0.000142929 0.999857 0 1
78.6994 0.000140071 0.99986 0 1
78.7994 0.00013727 0.999863 0 1
78.8994 0.000134525 0.999866 0 1
78.9994 0.000131835 0.999868 0 1
79.0994 0.000129198 0.999871 0 1
79.1994 0.000126615 0.999874 0 1
79.2994 0.000124083 0.999876 0 1
79.3994 0.000121601 0.999879 0 1
79.4994 0.00011917 0.999881 0 1
79.5994 0.000116786 0.999883 0 1
79.6994 0.000114451 0.999886 0 1
79.7994 0.000112162 0.999888 0 1
79.8994 0.000109919 0.99989 0 1
79.9994 0.000107721 0.999892 0 1
80.0993 0.000105567 0.999895 0 1
80.1993 0.000103456 0.999897 0 1
80.2993 0.000101387 0.999899 0 1
80.3993 9.93593e-05 0.999901 0 1
80.4993 9.73723e-05 0.999903 0 1
80.5993 9.54251e-05 0.999905 0 1
80.6993 9.35167e-05 0.999907 0 1
80.7993 9.16466e-05 0.999908 0 1
80.8993 8.98138e-05 0.99991 0 1
80.9993 8.80177e-05 0.999912 0 1
81.0993 8.62575e-05 0.999914 0 1
81.1993 8.45325e-05 0.999916 0 1
81.2993 8.2842e-05 0.999917 0 1
81.3993 8.11853e-05 0.999919 0 1
81.4993 7.95617e-05 0.999921 0 1
81.5993 7.79706e-05 0.999922 0 1
81.6993 7.64113e-05 0.999924 0 1
81.7993 7.48832e-05 0.999925 0 1
81.8993 7.33857e-05 0.999927 0 1
81.9993 7.19181e-05 0.999928 0 1
82.0993 7.04798e-05 0.99993 0 1
82.1993 6.90703e-05 0.999931 0 1
82.2993 6.7689e-05 0.999932 0 1
82.3993 6.63353e-05 0.999934 0 1
82.4993 6.50087e-05 0.999935 0 1
82.5993 6.37086e-05 0.999936 0 1
82.6993 6.24345e-05 0.999938 0 1
82.7993 6.11859e-05 0.999939 0 1
82.8993 5.99622e-05 0.99994 0 1
82.9993 5.87631e-05 0.999941 0 1
83.0993 5.75879e-05 0.999943 0 1
83.1993 5.64362e-05 0.999944 0 1
83.2993 5.53075e-05 0.999945 0 1
83.3993 5.42014e-05 0.999946 0 1
83.4993 5.31175e-05 0.999947 0 1
83.5993 5.20552e-05 0.999948 0 1
83.6993 5.10141e-05 0.999949 0 1
83.7993 4.99939e-05 0.99995 0 1
83.8993 4.89941e-05 0.999951 0 1
83.9993 4.80142e-05 0.999952 0 1
84.0993 4.7054e-05 0.999953 0 1
84.1993 4.6113e-05 0.999954 0 1
84.2993 4.51907e-05 0.999955 0 1
84.3993 4.4287e-05 0.999956 0 1
84.4993 4.34013e-05 0.999957 0 1
84.5993 4.25333e-05 0.999958 0 1
84.6993 4.16826e-05 0.999958 0 1
84.7993 4.0849e-05 0.999959 0 1
84.8993 4.00321e-05 0.99996 0 1
84.9993 3.92315e-05 0.999961 0 1
85.0993 3.84469e-05 0.999962 0 1
85.1993 3.7678e-05 0.999962 0 1
85.2993 3.69244e-05 0.999963 0 1
85.3993 3.6186e-05 0.999964 0 1
85.4993 3.54623e-05 0.999965 0 1
85.5993 3.47531e-05 0.999965 0 1
85.6993 3.4058e-05 0.999966 0 1
85.7993 3.33769e-05 0.999967 0 1
85.8993 3.27094e-05 0.999967 0 1
85.9993 3.20552e-05 0.999968 0 1
86.0993 3.14141e-05 0.999969 0 1
86.1993 3.07859e-05 0.999969 0 1
86.2993 3.01702e-05 0.99997 0 1
86.3993 2.95668e-05 0.999971 0 1
86.4993 2.89755e-05 0.999971 0 1
86.5993 2.8396e-05 0.999972 0 1
86.6992 2.78281e-05 0.999972 0 1
86.7992 2.72715e-05 0.999973 0 1
86.8992 2.67261e-05 0.999973 0 1
86.9992 2.61916e-05 0.999974 0 1
87.0992 2.56678e-05 0.999974 0 1
87.1992 2.51544e-05 0.999975 0 1
87.2992 2.46514e-05 0.999976 0 1
87.3992 2.41583e-05 0.999976 0 1
87.4992 2.36752e-05 0.999976 0 1
87.5992 2.32017e-05 0.999977 0 1
87.6992 2.27377e-05 0.999977 0 1
87.7992 2.22829e-05 0.999978 0 1
87.8992 2.18373e-05 0.999978 0 1
87.9992 2.14005e-05 0.999979 0 1
88.0992 2.09725e-05 0.999979 0 1
88.1992 2.05531e-05 0.99998 0 1
88.2992 2.0142e-05 0.99998 0 1
88.3992 1.97392e-05 0.99998 0 1
88.4992 1.93444e-05 0.999981 0 1
88.5992 1.89576e-05 0.999981 0 1
88.6992 1.85784e-05 0.999982 0 1
88.7992 1.82068e-05 0.999982 0 1
88.8992 1.78427e-05 0.999982 0 1
88.9992 1.74859e-05 0.999983 0 1
89.0992 1.71362e-05 0.999983 0 1
89.1992 1.67934e-05 0.999983 0 1
89.2992 1.64576e-05 0.999984 0 1
89.3992 1.61284e-05 0.999984 0 1
89.4992 1.58059e-05 0.999984 0 1
89.5992 1.54898e-05 0.999985 0 1
89.6992 1.518e-05 0.999985 0 1
89.7992 1.48764e-05 0.999985 0 1
89.8992 1.45788e-05 0.999986 0 1
89.9992 1.42873e-05 0.999986 0 1
90.0992 1.40015e-05 0.999986 0 1
90.1992 1.37215e-05 0.999986 0 1
90.2992 1.34471e-05 0.999987 0 1
90.3992 1.31781e-05 0.999987 0 1
90.4992 1.29146e-05 0.999987 0 1
90.5992 1.26563e-05 0.999987 0 1
90.6992 1.24032e-05 0.999988 0 1
90.7992 1.21551e-05 0.999988 0 1
90.8992 1.1912e-05 0.999988 0 1
90.9992 1.16738e-05 0.999988 0 1
91.0992 1.14403e-05 0.999989 0 1
91.1992 1.12115e-05 0.999989 0 1
91.2992 1.09873e-05 0.999989 0 1
91.3992 1.07675e-05 0.999989 0 1
91.4992 1.05522e-05 0.99999 0 1
91.5992 1.03411e-05 0.99999 0 1
91.6992 1.01343e-05 0.99999 0 1
91.7992 9.93163e-06 0.99999 0 1
91.8992 9.733e-06 0.99999 0 1
91.9992 9.53834e-06 0.999991 0 1
92.0992 9.34758e-06 0.999991 0 1
92.1992 9.16063e-06 0.999991 0 1
92.2992 8.97742e-06 0.999991 0 1
92.3992 8.79787e-06 0.999991 0 1
92.4992 8.62191e-06 0.999991 0 1
92.5992 8.44948e-06 0.999992 0 1
92.6992 8.28049e-06 0.999992 0 1
92.7992 8.11488e-06 0.999992 0 1
92.8992 7.95258e-06 0.999992 0 1
92.9992 7.79353e-06 0.999992 0 1
93.0992 7.63766e-06 0.999993 0 1
93.1992 7.48491e-06 0.999993 0 1
93.2991 7.33521e-06 0.999993 0 1
93.3991 7.18851e-06 0.999993 0 1
93.4991 7.04474e-06 0.999993 0 1
93.5991 6.90385e-06 0.999993 0 1
93.6991 6.76577e-06 0.999993 0 1
93.7991 6.63046e-06 0.999994 0 1
93.8991 6.49785e-06 0.999994 0 1
93.9991 6.36789e-06 0.999994 0 1
94.0991 6.24054e-06 0.999994 0 1
94.1991 6.11573e-06 0.999994 0 1
94.2991 5.99341e-06 0.999994 0 1
94.3991 5.87354e-06 0.999994 0 1
94.4991 5.75607e-06 0.999994 0 1
94.5991 5.64095e-06 0.999994 0 1
94.6991 5.52814e-06 0.999995 0 1
94.7991 5.41757e-06 0.999995 0 1
94.8991 5.30922e-06 0.999995 0 1
94.9991 5.20304e-06 0.999995 0 1
95.0991 5.09898e-06 0.999995 0 1
95.1991 4.997e-06 0.999995 0 1
95.2991 4.89706e-06 0.999995 0 1
95.3991 4.79912e-06 0.999995 0 1
95.4991 4.70314e-06 0.999996 0 1
95.5991 4.60907e-06 0.999996 0 1
95.6991 4.51689e-06 0.999996 0 1
95.7991 4.42656e-06 0.999996 0 1
95.8991 4.33803e-06 0.999996 0 1
95.9991 4.25127e-06 0.999996 0 1
96.0991 4.16624e-06 0.999996 0 1
96.1991 4.08292e-06 0.999996 0 1
96.2991 4.00126e-06 0.999996 0 1
96.3991 3.92123e-06 0.999996 0 1
96.4991 3.84281e-06 0.999996 0 1
96.5991 3.76595e-06 0.999996 0 1
96.6991 3.69063e-06 0.999996 0 1
96.7991 3.61682e-06 0.999996 0 1
96.8991 3.54449e-06 0.999997 0 1
96.9991 3.4736e-06 0.999997 0 1
97.0991 3.40412e-06 0.999997 0 1
97.1991 3.33604e-06 0.999997 0 1
97.2991 3.26932e-06 0.999997 0 1
97.3991 3.20394e-06 0.999997 0 1
97.4991 3.13986e-06 0.999997 0 1
97.5991 3.07706e-06 0.999997 0 1
97.6991 3.01552e-06 0.999997 0 1
97.7991 2.95521e-06 0.999997 0 1
97.8991 2.8961e-06 0.999997 0 1
97.9991 2.83818e-06 0.999997 0 1
98.0991 2.78142e-06 0.999997 0 1
98.1991 2.72579e-06 0.999997 0 1
98.2991 2.67128e-06 0.999997 0 1
98.3991 2.61785e-06 0.999997 0 1
98.4991 2.56549e-06 0.999997 0 1
98.5991 2.51418e-06 0.999998 0 1
98.6991 2.4639e-06 0.999998 0 1
98.7991 2.41462e-06 0.999998 0 1
98.8991 2.36633e-06 0.999998 0 1
98.9991 2.319e-06 0.999998 0 1
99.0991 2.27262e-06 0.999998 0 1
99.1991 2.22717e-06 0.999998 0 1
99.2991 2.18263e-06 0.999998 0 1
99.3991 2.13898e-06 0.999998 0 1
99.4991 2.0962e-06 0.999998 0 1
99.5991 2.05427e-06 0.999998 0 1
99.6991 2.01319e-06 0.999998 0 1
99.799 1.97292e-06 0.999998 0 1
99.899 1.93346e-06 0.999998 0 1
99.999 1.8948e-06 0.999998 0 1
100.099 1.8569e-06 0.999998 0 1
100.199 1.81976e-06 0.999999 0 1
100.299 1.78337e-06 0.999999 0 1
100.399 1.7477e-06 0.999999 0 1
100.499 1.71275e-06 0.999999 0 1
100.599 1.67849e-06 0.999999 0 1
100.699 1.64492e-06 0.999999 0 1
100.799 1.61202e-06 0.999999 0 1
100.899 1.57978e-06 0.999999 0 1
100.999 1.54819e-06 0.999999 0 1
101.099 1.51722e-06 0.999999 0 1
101.199 1.48688e-06 0.999999 0 1
101.299 1.45714e-06 0.999999 0 1
101.399 1.428e-06 0.999999 0 1
101.499 1.39944e-06 0.999999 0 1
101.599 1.37145e-06 0.999999 0 1
101.699 1.34402e-06 0.999999 0 1
101.799 1.31714e-06 0.999999 0 1
101.899 1.2908e-06 0.999999 0 1
101.999 1.26498e-06 0.999999 0 1
102.099 1.23968e-06 0.999999 0 1
102.199 1.21489e-06 0.999999 0 1
102.299 1.19059e-06 0.999999 0 1
102.399 1.16678e-06 0.999999 0 1
102.499 1.14344e-06 0.999999 0 1
102.599 1.12057e-06 0.999999 0 1
102.699 1.09816e-06 0.999999 0 1
102.799 1.0762e-06 0.999999 0 1
102.899 1.05468e-06 0.999999 0 1
102.999 1.03358e-06 0.999999 0 1
103.099 1.01291e-06 0.999999 0 1
103.199 9.92652e-07 0.999999 0 1
103.299 9.72799e-07 0.999999 0 1
103.399 9.53343e-07 0.999999 0 1
103.499 9.34276e-07 0.999999 0 1
103.599 9.15591e-07 0.999999 0 1
103.699 8.97279e-07 0.999999 0 1
103.799 8.79333e-07 0.999999 0 1
103.899 8.61747e-07 0.999999 0 1
103.999 8.44512e-07 0.999999 0 1
104.099 8.27622e-07 0.999999 0 1
104.199 8.11069e-07 0.999999 0 1
104.299 7.94848e-07 0.999999 0 1
104.399 7.78951e-07 0.999999 0 1
104.499 7.63372e-07 0.999999 0 1
104.599 7.48104e-07 0.999999 0 1
104.699 7.33142e-07 0.999999 0 1
104.799 7.18479e-07 0.999999 0 1
104.899 7.0411e-07 0.999999 0 1
104.999 6.90028e-07 0.999999 0 1
105.099 6.76227e-07 0.999999 0 1
105.199 6.62703e-07 0.999999 0 1
105.299 6.49449e-07 0.999999 0 1
105.399 6.3646e-07 0.999999 0 1
105.499 6.23731e-07 0.999999 0 1
105.599 6.11256e-07 0.999999 0 1
105.699 5.99031e-07 0.999999 0 1
105.799 5.8705e-07 0.999999 0 1
105.899 5.75309e-07 0.999999 0 1
105.999 5.63803e-07 0.999999 0 1
106.099 5.52527e-07 0.999999 0 1
106.199 5.41476e-07 0.999999 0 1
106.299 5.30647e-07 0.999999 0 1
106.399 5.20034e-07 0.999999 0 1
106.499 5.09633e-07 0.999999 0 1
106.599 4.99441e-07 0.999999 0 1
106.699 4.89452e-07 0.999999 0 1
106.799 4.79663e-07 0.999999 0 1
106.899 4.7007e-07 0.999999 0 1
106.999 4.60668e-07 0.999999 0 1
107.099 4.51455e-07 0.999999 0 1
107.199 4.42426e-07 0.999999 0 1
107.299 4.33577e-07 0.999999 0 1
107.399 4.24906e-07 0.999999 0 1
107.499 4.16408e-07 0.999999 0 1
107.599 4.08079e-07 0.999999 0 1
107.699 3.99918e-07 0.999999 0 1
107.799 3.9192e-07 0.999999 0 1
107.899 3.84081e-07 0.999999 0 0.999999
107.999 3.76399e-07 0.999999 0 0.999999
108.099 3.68872e-07 0.999999 0 0.999999
108.199 3.61494e-07 0.999999 0 0.999999
108.299 3.54264e-07 0.999999 0 0.999999
108.399 3.47179e-07 0.999999 0 0.999999
108.499 3.40235e-07 0.999999 0 0.999999
108.599 3.33431e-07 0.999999 0 0.999999
108.699 3.26762e-07 0.999999 0 0.999999
108.799 3.20227e-07 0.999999 0 0.999999
108.899 3.13822e-07 0.999999 0 0.999999
108.999 3.07546e-07 0.999999 0 0.999999
109.099 3.01395e-07 0.999999 0 0.999999
109.199 2.95367e-07 0.999999 0 0.999999
109.299 2.8946e-07 0.999999 0 0.999999
109.399 2.83671e-07 0.999999 0 0.999999
109.499 2.77997e-07 0.999999 0 0.999999
109.599 2.72437e-07 0.999999 0 0.999999
109.699 2.66988e-07 0.999999 0 0.999999
109.799 2.61649e-07 0.999999 0 0.999999
109.899 2.56416e-07 0.999999 0 0.999999
109.999 2.51287e-07 0.999999 0 0.999999
110.099 2.46262e-07 0.999999 0 0.999999
110.199 2.41336e-07 0.999999 0 0.999999
110.299 2.3651e-07 0.999999 0 0.999999
110.399 2.3178e-07 0.999999 0 0.999999
110.499 2.27144e-07 0.999999 0 0.999999
110.599 2.22601e-07 0.999999 0 0.999999
110.699 2.18149e-07 0.999999 0 0.999999
110.799 2.13786e-07 0.999999 0 0.999999
110.899 2.0951e-07 0.999999 0 0.999999
110.999 2.0532e-07 0.999999 0 0.999999
111.099 2.01214e-07 0.999999 0 0.999999
111.199 1.97189e-07 0.999999 0 0.999999
111.299 1.93246e-07 0.999999 0 0.999999
111.399 1.89381e-07 0.999999 0 0.999999
111.499 1.85593e-07 0.999999 0 0.999999
111.599 1.81881e-07 0.999999 0 0.999999
111.699 1.78244e-07 0.999999 0 0.999999
111.799 1.74679e-07 0.999999 0 0.999999
111.899 1.71185e-07 0.999999 0 0.999999
111.999 1.67762e-07 0.999999 0 0.999999
112.099 1.64406e-07 0.999999 0 0.999999
112.199 1.61118e-07 0.999999 0 0.999999
112.299 1.57896e-07 0.999999 0 0.999999
112.399 1.54738e-07 0.999999 0 0.999999
112.499 1.51643e-07 0.999999 0 0.999999
112.599 1.4861e-07 0.999999 0 0.999999
112.699 1.45638e-07 0.999999 0 0.999999
112.799 1.42725e-07 0.999999 0 0.999999
112.899 1.39871e-07 0.999999 0 0.999999
112.999 1.37073e-07 0.999999 0 0.999999
113.099 1.34332e-07 0.999999 0 0.999999
113.199 1.31645e-07 0.999999 0 0.999999
113.299 1.29012e-07 0.999999 0 0.999999
113.399 1.26432e-07 0.999999 0 0.999999
113.499 1.23904e-07 0.999999 0 0.999999
113.599 1.21425e-07 0.999999 0 0.999999
113.699 1.18997e-07 0.999999 0 0.999999
113.799 1.16617e-07 0.999999 0 0.999999
113.899 1.14285e-07 0.999999 0 0.999999
113.999 1.11999e-07 0.999999 0 0.999999
114.099 1.09759e-07 0.999999 0 0.999999
114.199 1.07564e-07 0.999999 0 0.999999
114.299 1.05413e-07 0.999999 0 0.999999
114.399 1.03304e-07 0.999999 0 0.999999
114.499 1.01238e-07 0.999999 0 0.999999
114.599 9.92135e-08 0.999999 0 0.999999
114.699 9.72292e-08 0.999999 0 0.999999
114.799 9.52846e-08 0.999999 0 0.999999
114.899 9.33789e-08 0.999999 0 0.999999
114.999 9.15113e-08 0.999999 0 0.999999
115.099 8.96811e-08 0.999999 0 0.999999
115.199 8.78875e-08 0.999999 0 0.999999
115.299 8.61297e-08 0.999999 0 0.999999
115.399 8.44072e-08 0.999999 0 0.999999
115.499 8.2719e-08 0.999999 0 0.999999
115.599 8.10646e-08 0.999999 0 0.999999
115.699 7.94433e-08 0.999999 0 0.999999
115.799 7.78545e-08 0.999999 0 0.999999
115.899 7.62974e-08 0.999999 0 0.999999
115.999 7.47714e-08 0.999999 0 0.999999
116.099 7.3276e-08 0.999999 0 0.999999
116.199 7.18105e-08 0.999999 0 0.999999
116.299 7.03743e-08 0.999999 0 0.999999
116.399 6.89668e-08 0.999999 0 0.999999
116.499 6.75875e-08 0.999999 0 0.999999
116.599 6.62357e-08 0.999999 0 0.999999
116.699 6.4911e-08 0.999999 0 0.999999
116.799 6.36128e-08 0.999999 0 0.999999
116.899 6.23405e-08 0.999999 0 0.999999
116.999 6.10937e-08 0.999999 0 0.999999
117.099 5.98719e-08 0.999999 0 0.999999
117.199 5.86744e-08 0.999999 0 0.999999
117.299 5.75009e-08 0.999999 0 0.999999
117.399 5.63509e-08 0.999999 0 0.999999
117.499 5.52239e-08 0.999999 0 0.999999
117.599 5.41194e-08 0.999999 0 0.999999
117.699 5.3037e-08 0.999999 0 0.999999
117.799 5.19763e-08 0.999999 0 0.999999
117.899 5.09368e-08 0.999999 0 0.999999
117.999 4.9918e-08 0.999999 0 0.999999
118.099 4.89197e-08 0.999999 0 0.999999
118.199 4.79413e-08 0.999999 0 0.999999
118.299 4.69825e-08 0.999999 0 0.999999
118.399 4.60428e-08 0.999999 0 0.999999
118.499 4.5122e-08 0.999999 0 0.999999
118.599 4.42195e-08 0.999999 0 0.999999
118.699 4.33351e-08 0.999999 0 0.999999
118.799 4.24684e-08 0.999999 0 0.999999
118.899 4.1619e-08 0.999999 0 0.999999
118.999 4.07867e-08 0.999999 0 0.999999
119.099 3.99709e-08 0.999999 0 0.999999
119.199 3.91715e-08 0.999999 0 0.999999
119.299 3.83881e-08 0.999999 0 0.999999
119.399 3.76203e-08 0.999999 0 0.999999
119.499 3.68679e-08 0.999999 0 0.999999
119.599 3.61306e-08 0.999999 0 0.999999
119.699 3.5408e-08 0.999999 0 0.999999
119.799 3.46998e-08 0.999999 0 0.999999
119.899 3.40058e-08 0.999999 0 0.999999
119.999 3.33257e-08 0.999999 0 0.999999
120.099 3.26592e-08 0.999999 0 0.999999
120.199 3.2006e-08 0.999999 0 0.999999
120.299 3.13659e-08 0.999999 0 0.999999
120.399 3.07386e-08 0.999999 0 0.999999
120.499 3.01238e-08 0.999999 0 0.999999
120.599 2.95213e-08 0.999999 0 0.999999
120.699 2.89309e-08 0.999999 0 0.999999
120.799 2.83523e-08 0.999999 0 0.999999
120.899 2.77852e-08 0.999999 0 0.999999
120.999 2.72295e-08 0.999999 0 0.999999
121.099 2.66849e-08 0.999999 0 0.999999
121.199 2.61512e-08 0.999999 0 0.999999
121.299 2.56282e-08 0.999999 0 0.999999
121.399 2.51156e-08 0.999999 0 0.999999
121.499 2.46133e-08 0.999999 0 0.999999
121.599 2.41211e-08 0.999999 0 0.999999
121.699 2.36386e-08 0.999999 0 0.999999
121.799 2.31659e-08 0.999999 0 0.999999
121.899 2.27026e-08 0.999999 0 0.999999
121.999 2.22485e-08 0.999999 0 0.999999
122.099 2.18035e-08 0.999999 0 0.999999
122.199 2.13675e-08 0.999999 0 0.999999
122.299 2.09401e-08 0.999999 0 0.999999
122.399 2.05213e-08 0.999999 0 0.999999
122.499 2.01109e-08 0.999999 0 0.999999
122.599 1.97087e-08 0.999999 0 0.999999
122.699 1.93145e-08 0.999999 0 0.999999
122.799 1.89282e-08 0.999999 0 0.999999
122.899 1.85496e-08 0.999999 0 0.999999
122.999 1.81786e-08 0.999999 0 0.999999
123.099 1.78151e-08 0.999999 0 0.999999
123.199 1.74588e-08 0.999999 0 0.999999
123.299 1.71096e-08 0.999999 0 0.999999
123.399 1.67674e-08 0.999999 0 0.999999
123.499 1.64321e-08 0.999999 0 0.999999
123.599 1.61034e-08 0.999999 0 0.999999
123.699 1.57814e-08 0.999999 0 0.999999
123.799 1.54657e-08 0.999999 0 0.999999
123.899 1.51564e-08 0.999999 0 0.999999
123.999 1.48533e-08 0.999999 0 0.999999
124.099 1.45562e-08 0.999999 0 0.999999
124.199 1.42651e-08 0.999999 0 0.999999
124.299 1.39798e-08 0.999999 0 0.999999
124.399 1.37002e-08 0.999999 0 0.999999
124.499 1.34262e-08 0.999999 0 0.999999
124.599 1.31577e-08 0.999999 0 0.999999
124.699 1.28945e-08 0.999999 0 0.999999
124.799 1.26366e-08 0.999999 0 0.999999
124.899 1.23839e-08 0.999999 0 0.999999
124.999 1.21362e-08 0.999999 0 0.999999
125.099 1.18935e-08 0.999999 0 0.999999
125.199 1.16556e-08 0.999999 0 0.999999
125.299 1.14225e-08 0.999999 0 0.999999
125.399 1.11941e-08 0.999999 0 0.999999
125.499 1.09702e-08 0.999999 0 0.999999
125.599 1.07508e-08 0.999999 0 0.999999
125.699 1.05358e-08 0.999999 0 0.999999
125.799 1.0325e-08 0.999999 0 0.999999
125.899 1.01185e-08 0.999999 0 0.999999
125.999 9.91617e-09 0.999999 0 0.999999
126.099 9.71785e-09 0.999999 0 0.999999
126.199 9.52349e-09 0.999999 0 0.999999
126.299 9.33302e-09 0.999999 0 0.999999
126.399 9.14636e-09 0.999999 0 0.999999
126.499 8.96344e-09 0.999999 0 0.999999
126.599 8.78417e-09 0.999999 0 0.999999
126.699 8.60848e-09 0.999999 0 0.999999
126.799 8.43631e-09 0.999999 0 0.999999
126.899 8.26759e-09 0.999999 0 0.999999
126.999 8.10224e-09 0.999999 0 0.999999
127.099 7.94019e-09 0.999999 0 0.999999
127.199 7.78139e-09 0.999999 0 0.999999
127.299 7.62576e-09 0.999999 0 0.999999
127.399 7.47325e-09 0.999999 0 0.999999
127.499 7.32378e-09 0.999999 0 0.999999
127.599 7.17731e-09 0.999999 0 0.999999
127.699 7.03376e-09 0.999999 0 0.999999
127.799 6.89308e-09 0.999999 0 0.999999
127.899 6.75522e-09 0.999999 0 0.999999
127.999 6.62012e-09 0.999999 0 0.999999
128.099 6.48772e-09 0.999999 0 0.999999
128.199 6.35796e-09 0.999999 0 0.999999
128.299 6.2308e-09 0.999999 0 0.999999
128.399 6.10619e-09 0.999999 0 0.999999
128.499 5.98406e-09 0.999999 0 0.999999
128.599 5.86438e-09 0.999999 0 0.999999
128.699 5.74709e-09 0.999999 0 0.999999
128.799 5.63215e-09 0.999999 0 0.999999
128.899 5.51951e-09 0.999999 0 0.999999
128.999 5.40912e-09 0.999999 0 0.999999
129.099 5.30094e-09 0.999999 0 0.999999
129.199 5.19492e-09 0.999999 0 0.999999
129.299 5.09102e-09 0.999999 0 0.999999
129.399 4.9892e-09 0.999999 0 0.999999
129.499 4.88942e-09 0.999999 0 0.999999
129.599 4.79163e-09 0.999999 0 0.999999
129.699 4.6958e-09 0.999999 0 0.999999
129.799 4.60188e-09 0.999999 0 0.999999
129.899 4.50984e-09 0.999999 0 0.999999
129.999 4.41965e-09 0.999999 0 0.999999
130.099 4.33125e-09 0.999999 0 0.999999
130.199 4.24463e-09 0.999999 0 0.999999
130.299 4.15974e-09 0.999999 0 0.999999
130.399 4.07654e-09 0.999999 0 0.999999
130.499 3.99501e-09 0.999999 0 0.999999
130.599 3.91511e-09 0.999999 0 0.999999
130.699 3.83681e-09 0.999999 0 0.999999
130.799 3.76007e-09 0.999999 0 0.999999
130.899 3.68487e-09 0.999999 0 0.999999
130.999 3.61117e-09 0.999999 0 0.999999
131.099 3.53895e-09 0.999999 0 0.999999
131.199 3.46817e-09 0.999999 0 0.999999
131.299 3.39881e-09 0.999999 0 0.999999
131.399 3.33083e-09 0.999999 0 0.999999
131.499 3.26421e-09 0.999999 0 0.999999
131.599 3.19893e-09 0.999999 0 0.999999
131.699 3.13495e-09 0.999999 0 0.999999
131.799 3.07225e-09 0.999999 0 0.999999
131.899 3.01081e-09 0.999999 0 0.999999
131.999 2.95059e-09 0.999999 0 0.999999
132.099 2.89158e-09 0.999999 0 0.999999
132.199 2.83375e-09 0.999999 0 0.999999
132.299 2.77707e-09 0.999999 0 0.999999
132.399 2.72153e-09 0.999999 0 0.999999
132.499 2.6671e-09 0.999999 0 0.999999
132.599 2.61376e-09 0.999999 0 0.999999
132.699 2.56148e-09 0.999999 0 0.999999
132.799 2.51025e-09 0.999999 0 0.999999
132.899 2.46005e-09 0.999999 0 0.999999
132.999 2.41085e-09 0.999999 0 0.999999
133.099 2.36263e-09 0.999999 0 0.999999
133.199 2.31538e-09 0.999999 0 0.999999
133.299 2.26907e-09 0.999999 0 0.999999
133.399 2.22369e-09 0.999999 0 0.999999
133.499 2.17922e-09 0.999999 0 0.999999
133.599 2.13563e-09 0.999999 0 0.999999
133.699 2.09292e-09 0.999999 0 0.999999
133.799 2.05106e-09 0.999999 0 0.999999
133.899 2.01004e-09 0.999999 0 0.999999
133.999 1.96984e-09 0.999999 0 0.999999
134.099 1.93044e-09 0.999999 0 0.999999
134.199 1.89183e-09 0.999999 0 0.999999
134.299 1.854e-09 0.999999 0 0.999999
134.399 1.81692e-09 0.999999 0 0.999999
134.499 1.78058e-09 0.999999 0 0.999999
134.599 1.74497e-09 0.999999 0 0.999999
134.699 1.71007e-09 0.999999 0 0.999999
134.799 1.67587e-09 0.999999 0 0.999999
134.899 1.64235e-09 0.999999 0 0.999999
134.999 1.6095e-09 0.999999 0 0.999999
135.099 1.57731e-09 0.999999 0 0.999999
135.199 1.54577e-09 0.999999 0 0.999999
135.299 1.51485e-09 0.999999 0 0.999999
135.399 1.48455e-09 0.999999 0 0.999999
135.499 1.45486e-09 0.999999 0 0.999999
135.599 1.42577e-09 0.999999 0 0.999999
135.699 1.39725e-09 0.999999 0 0.999999
135.799 1.36931e-09 0.999999 0 0.999999
135.899 1.34192e-09 0.999999 0 0.999999
135.999 1.31508e-09 0.999999 0 0.999999
136.099 1.28878e-09 0.999999 0 0.999999
136.199 1.263e-09 0.999999 0 0.999999
136.299 1.23774e-09 0.999999 0 0.999999
136.399 1.21299e-09 0.999999 0 0.999999
136.499 1.18873e-09 0.999999 0 0.999999
136.599 1.16495e-09 0.999999 0 0.999999
136.699 1.14166e-09 0.999999 0 0.999999
136.799 1.11882e-09 0.999999 0 0.999999
136.899 1.09645e-09 0.999999 0 0.999999
136.999 1.07452e-09 0.999999 0 0.999999
137.099 1.05303e-09 0.999999 0 0.999999
137.199 1.03197e-09 0.999999 0 0.999999
137.299 1.01133e-09 0.999999 0 0.999999
137.399 9.91101e-10 0.999999 0 0.999999
137.499 9.71279e-10 0.999999 0 0.999999
137.599 9.51853e-10 0.999999 0 0.999999
137.699 9.32816e-10 0.999999 0 0.999999
137.799 9.1416e-10 0.999999 0 0.999999
137.899 8.95877e-10 0.999999 0 0.999999
137.999 8.77959e-10 0.999999 0 0.999999
138.099 8.604e-10 0.999999 0 0.999999
138.199 8.43192e-10 0.999999 0 0.999999
138.299 8.26328e-10 0.999999 0 0.999999
138.399 8.09802e-10 0.999999 0 0.999999
138.499 7.93606e-10 0.999999 0 0.999999
138.599 7.77734e-10 0.999999 0 0.999999
138.699 7.62179e-10 0.999999 0 0.999999
138.799 7.46935e-10 0.999999 0 0.999999
138.899 7.31997e-10 0.999999 0 0.999999
138.999 7.17357e-10 0.999999 0 0.999999
139.099 7.0301e-10 0.999999 0 0.999999
139.199 6.88949e-10 0.999999 0 0.999999
139.299 6.7517e-10 0.999999 0 0.999999
139.399 6.61667e-10 0.999999 0 0.999999
139.499 6.48434e-10 0.999999 0 0.999999
139.599 6.35465e-10 0.999999 0 0.999999
139.699 6.22756e-10 0.999999 0 0.999999
139.799 6.10301e-10 0.999999 0 0.999999
139.899 5.98095e-10 0.999999 0 0.999999
139.999 5.86133e-10 0.999999 0 0.999999
140.099 5.7441e-10 0.999999 0 0.999999
140.199 5.62922e-10 0.999999 0 0.999999
140.299 5.51663e-10 0.999999 0 0.999999
140.399 5.4063e-10 0.999999 0 0.999999
140.499 5.29818e-10 0.999999 0 0.999999
140.599 5.19221e-10 0.999999 0 0.999999
140.699 5.08837e-10 0.999999 0 0.999999
140.799 4.9866e-10 0.999999 0 0.999999
140.899 4.88687e-10 0.999999 0 0.999999
140.999 4.78913e-10 0.999999 0 0.999999
141.099 4.69335e-10 0.999999 0 0.999999
141.199 4.59948e-10 0.999999 0 0.999999
141.299 4.50749e-10 0.999999 0 0.999999
141.399 4.41734e-10 0.999999 0 0.999999
141.499 4.329e-10 0.999999 0 0.999999
141.599 4.24242e-10 0.999999 0 0.999999
141.699 4.15757e-10 0.999999 0 0.999999
141.799 4.07442e-10 0.999999 0 0.999999
141.899 3.99293e-10 0.999999 0 0.999999
141.999 3.91307e-10 0.999999 0 0.999999
142.099 3.83481e-10 0.999999 0 0.999999
142.199 3.75811e-10 0.999999 0 0.999999
142.299 3.68295e-10 0.999999 0 0.999999
142.399 3.60929e-10 0.999999 0 0.999999
142.499 3.53711e-10 0.999999 0 0.999999
142.6 3.46636e-10 0.999999 0 0.999999
142.7 3.39704e-10 0.999999 0 0.999999
142.8 3.3291e-10 0.999999 0 0.999999
142.9 3.26251e-10 0.999999 0 0.999999
143 3.19726e-10 0.999999 0 0.999999
143.1 3.13332e-10 0.999999 0 0.999999
143.2 3.07065e-10 0.999999 0 0.999999
143.3 3.00924e-10 0.999999 0 0.999999
143.4 2.94905e-10 0.999999 0 0.999999
143.5 2.89007e-10 0.999999 0 0.999999
143.6 2.83227e-10 0.999999 0 0.999999
143.7 2.77563e-10 0.999999 0 0.999999
143.8 2.72011e-10 0.999999 0 0.999999
143.9 2.66571e-10 0.999999 0 0.999999
144 2.6124e-10 0.999999 0 0.999999
144.1 2.56015e-10 0.999999 0 0.999999
144.2 2.50895e-10 0.999999 0 0.999999
144.3 2.45877e-10 0.999999 0 0.999999
144.4 2.40959e-10 0.999999 0 0.999999
144.5 2.3614e-10 0.999999 0 0.999999
144.6 2.31417e-10 0.999999 0 0.999999
144.7 2.26789e-10 0.999999 0 0.999999
144.8 2.22253e-10 0.999999 0 0.999999
144.9 2.17808e-10 0.999999 0 0.999999
145 2.13452e-10 0.999999 0 0.999999
145.1 2.09183e-10 0.999999 0 0.999999
145.2 2.04999e-10 0.999999 0 0.999999
145.3 2.00899e-10 0.999999 0 0.999999
145.4 1.96881e-10 0.999999 0 0.999999
145.5 1.92944e-10 0.999999 0 0.999999
145.6 1.89085e-10 0.999999 0 0.999999
145.7 1.85303e-10 0.999999 0 0.999999
145.8 1.81597e-10 0.999999 0 0.999999
145.9 1.77965e-10 0.999999 0 0.999999
146 1.74406e-10 0.999999 0 0.999999
146.1 1.70918e-10 0.999999 0 0.999999
146.2 1.67499e-10 0.999999 0 0.999999
146.3 1.64149e-10 0.999999 0 0.999999
146.4 1.60866e-10 0.999999 0 0.999999
146.5 1.57649e-10 0.999999 0 0.999999
146.6 1.54496e-10 0.999999 0 0.999999
146.7 1.51406e-10 0.999999 0 0.999999
146.8 1.48378e-10 0.999999 0 0.999999
146.9 1.4541e-10 0.999999 0 0.999999
147 1.42502e-10 0.999999 0 0.999999
147.1 1.39652e-10 0.999999 0 0.999999
147.2 1.36859e-10 0.999999 0 0.999999
147.3 1.34122e-10 0.999999 0 0.999999
147.4 1.3144e-10 0.999999 0 0.999999
147.5 1.28811e-10 0.999999 0 0.999999
147.6 1.26235e-10 0.999999 0 0.999999
147.7 1.2371e-10 0.999999 0 0.999999
147.8 1.21236e-10 0.999999 0 0.999999
147.9 1.18811e-10 0.999999 0 0.999999
148 1.16435e-10 0.999999 0 0.999999
148.1 1.14106e-10 0.999999 0 0.999999
148.2 1.11824e-10 0.999999 0 0.999999
148.3 1.09587e-10 0.999999 0 0.999999
148.4 1.07396e-10 0.999999 0 0.999999
148.5 1.05248e-10 0.999999 0 0.999999
148.6 1.03143e-10 0.999999 0 0.999999
148.7 1.0108e-10 0.999999 0 0.999999
148.8 9.90584e-11 0.999999 0 0.999999
148.9 9.70772e-11 0.999999 0 0.999999
149 9.51357e-11 0.999999 0 0.999999
149.1 9.3233e-11 0.999999 0 0.999999
149.2 9.13683e-11 0.999999 0 0.999999
149.3 8.95409e-11 0.999999 0 0.999999
149.4 8.77501e-11 0.999999 0 0.999999
149.5 8.59951e-11 0.999999 0 0.999999
149.6 8.42752e-11 0.999999 0 0.999999
149.7 8.25897e-11 0.999999 0 0.999999
149.8 8.09379e-11 0.999999 0 0.999999
149.9 7.93192e-11 0.999999 0 0.999999
150 7.77328e-11 0.999999 0 0.999999
